geneID	symbol	yQvalue	oQvalue	yPvalue	oPvalue	yRP24	oRP24	ySP	oSP	yPVEC	oPVEC	yPhase	oPhase	yMedian	oMedian	yDetectable	oDetectable	yNonZero	oNonzero
FBtr0334543	Pak-RI	0.04338	NOTEST	0.0121	NOTEST	0.699481	-2.103657	1.241204	0.002567	46.296524	28.383539	13.086744	10.319167	10.649450	10.079405	1	1	1	1
FBtr0339660	CG44325-RB	0.004004	NOTEST	0.0001	NOTEST	2.593826	-2.088010	4.198075	1.621873	1.574588	44.524372	3.066905	2.573726	166.744000	478.897000	1	1	1	1
FBtr0080001	pim-RA	0.042794	NOTEST	0.0117	NOTEST	1.500142	-4.505613	2.382053	-0.870650	3.375148	17.636341	4.421869	7.940541	1.423885	0.268342	1	0	1	0
FBtr0087605	RN-tre-RA	0.04338	0.096151	0.0121	0.0603	0.581946	-0.204714	2.316077	1.530933	5.739770	5.718861	5.822938	4.602015	9.760395	14.202850	1	1	1	1
FBtr0082245	Timp-RB	0.024682	NOTEST	0.0036	NOTEST	1.578776	-1.881625	2.285638	2.400886	80.462875	16.586713	22.812744	0.389728	26.232650	43.490550	1	0	1	1
FBtr0086701	Pepck-RA	0.046117	0.117706	0.0134	0.0894	0.545392	-0.468436	3.377738	0.979999	5.956920	9.233520	17.977931	6.855069	144.563000	498.318000	1	1	1	1
FBtr0088052	PI31-RC	0.037798	NOTEST	0.0089	NOTEST	0.758573	-1.190410	1.653364	0.224139	2.460988	67.667732	20.656137	10.948626	1.947000	2.570625	1	1	0	0
FBtr0078230	CG5262-RA	0.036266	NOTEST	0.008	NOTEST	1.348091	-1.732104	1.805056	1.028575	23.013969	5.618549	5.292609	4.986805	4.421950	6.275525	1	1	1	1
FBtr0089056	Cyp9b1-RA	0.016684	0.148592	0.0016	0.1393	1.640490	-0.822308	2.277136	0.173896	59.074944	62.306672	4.654773	5.233267	9.121350	16.127200	1	1	1	1
FBtr0332087	toe-RB	0.006281	NOTEST	0.0002	NOTEST	3.418326	-5.167048	3.544359	0.162998	13.911390	115.926967	0.071151	10.172320	1.161915	1.393010	1	1	1	1
FBtr0336705	aux-RC	0.040756	NOTEST	0.0107	NOTEST	1.003578	-1.315661	1.546411	-0.841218	93.636072	31.258718	9.038946	7.815318	13.744800	6.538440	1	1	1	1
FBtr0307278	Mnt-RJ	0.023613	NOTEST	0.0033	NOTEST	1.598868	-2.363498	1.932635	-0.758543	64.068974	8.342957	7.068842	6.965139	11.538700	11.883050	1	1	1	1
FBtr0079013	qtc-RB	0.031884	0.156168	0.006	0.151	1.220967	-0.901831	1.649134	1.786260	35.584838	2.845838	21.794621	0.098538	25.066400	15.225400	1	1	1	1
FBtr0083563	Mdh2-RA	0.046577	0.129511	0.0138	0.1078	-0.027877	-0.587357	0.278210	0.795043	13.674990	0.901068	23.959023	0.898977	112.521500	99.346800	1	0	1	1
FBtr0305152	cwo-RC	0.038686	NOTEST	0.0095	NOTEST	1.029679	-2.221518	1.875083	0.363210	17.672633	37.146709	10.273924	11.086410	10.616300	11.476600	1	1	1	1
FBtr0077397	hoe1-RA	0.040136	0.094619	0.0103	0.0586	0.932625	-0.109888	2.733209	2.646429	59.465667	74.250188	6.876348	8.016293	25.352850	27.735300	1	1	1	1
FBtr0306634	CG42668-RN	0.016056	NOTEST	0.0015	NOTEST	1.713399	-1.156644	2.424335	-0.684328	13.276481	10.746692	8.275127	7.688477	3.901835	4.074450	1	1	1	1
FBtr0329872	SLO2-RL	0.037648	NOTEST	0.0087	NOTEST	0.806751	-4.771168	1.686202	4.482510	10.625685	15.086627	7.704757	7.881502	35.046450	27.463450	1	1	1	1
FBtr0070159	CG13364-RA	0.009138	0.075496	0.0005	0.0368	2.871679	0.027261	3.436665	0.574915	43.798223	78.171558	23.884197	1.663220	147.529500	190.477500	1	1	1	1
FBtr0114541	St1-RB	0.031077	0.123039	0.0057	0.0982	1.119271	-0.615140	2.047967	1.331502	24.986371	34.977701	0.214682	1.424304	32.788450	46.388350	1	1	1	1
FBtr0334524	Xrp1-RG	0.014403	NOTEST	0.0012	NOTEST	1.862874	-3.305238	2.920593	1.680691	6.085714	35.701623	5.600760	11.644602	15.930650	41.477450	1	1	1	1
FBtr0303578	Lpin-RH	0.023905	NOTEST	0.0034	NOTEST	1.455295	-1.782190	1.564898	-0.675925	45.839949	17.241172	7.676643	9.194420	2.990040	8.385780	1	1	0	1
FBtr0074973	Shal-RA	0.015557	0.115578	0.0014	0.0864	1.551797	-0.652093	2.278368	0.131349	11.527807	89.446784	19.843717	1.142558	4.562040	3.751640	1	0	1	1
FBtr0070479	eIF2Bbeta-RA	0.016056	0.130246	0.0015	0.1093	1.575505	-0.579802	2.627696	0.627722	5.854581	61.521157	22.695331	2.621019	11.753850	16.259700	1	1	1	1
FBtr0333369	Cdc27-RB	0.042346	NOTEST	0.0114	NOTEST	0.612997	0.275064	2.586535	1.214775	20.030906	27.356370	22.368228	0.188348	8.412970	10.552400	1	0	1	1
FBtr0070423	FarO-RA	0.007493	NOTEST	0.0003	NOTEST	1.613194	0.614648	5.227626	3.694816	83.399016	89.658071	4.967666	5.436047	1.107110	0.924349	1	0	1	1
FBtr0080118	CG17124-RB	0.039427	NOTEST	0.0099	NOTEST	0.835133	-1.266475	3.890425	3.291723	62.294969	10.774748	5.181650	7.980664	31.142550	28.254900	1	1	1	1
FBtr0070925	CG12219-RA	0.027705	0.119224	0.0044	0.0921	0.841089	-0.553153	1.312875	-0.070502	20.926970	2.247021	0.374440	0.466886	3.322335	4.288865	1	1	1	1
FBtr0346192	heph-RZ	0.041496	NOTEST	0.0111	NOTEST	0.912988	-3.931115	3.084966	1.967858	3.338888	8.888534	4.278134	5.576369	1.337395	0.930972	1	0	1	1
FBtr0088997	p47-RA	0.031077	0.151012	0.0057	0.1428	0.814447	-0.936899	0.940122	1.588656	20.003056	1.681879	22.231343	1.147248	12.367700	19.023000	1	1	1	1
FBtr0076956	ple-RA	0.04631	0.105456	0.0135	0.0728	0.814116	-0.397254	2.181502	3.355893	2.534648	12.737006	3.294340	7.811205	8.196220	9.731770	1	1	0	1
FBtr0076957	ple-RB	0.006281	0.113438	0.0002	0.0838	2.539148	-0.410725	3.579814	2.979312	0.985393	39.097465	2.095752	1.694899	6.034590	14.077600	1	1	0	1
FBtr0084671	CG13625-RA	0.032454	NOTEST	0.0062	NOTEST	1.232939	-2.919385	1.761908	-2.319145	29.272098	60.350936	1.174196	1.446405	1.274215	1.589185	1	1	1	1
FBtr0290216	CG13012-RB	0.049231	0.119224	0.0156	0.0921	0.522801	-0.439899	1.977886	1.649062	72.791052	88.554776	5.589467	5.168213	5.043760	4.329220	1	1	1	1
FBtr0071777	Oatp58Dc-RA	0.039427	NOTEST	0.0099	NOTEST	0.733690	-1.239923	1.737653	0.654885	19.900647	3.088897	5.055696	4.298430	8.681700	7.145400	1	1	1	1
FBtr0079783	CG13101-RA	0.030821	0.07866	0.0056	0.0401	1.305304	0.283927	2.588110	2.114454	33.305204	35.565331	1.240237	0.738709	6.853240	6.207010	1	1	1	1
FBtr0273313	CG13022-RB	0.045639	NOTEST	0.0132	NOTEST	0.879245	-1.060680	2.198585	0.427696	7.263901	0.207172	23.592341	0.425084	1.912350	0.268225	1	0	1	0
FBtr0345609	Cyp4d2-RB	0.021208	NOTEST	0.0026	NOTEST	1.597683	-1.267156	3.362552	0.237443	103.959801	20.623982	7.678858	4.725791	4.672620	4.449095	1	1	1	1
FBtr0330302	CG33203-RF	0.012521	NOTEST	0.0009	NOTEST	2.323791	-1.719482	2.348719	-0.991124	0.328058	15.204793	0.342440	2.305076	22.223450	16.850800	1	1	1	1
FBtr0445734	CG8369-RE	0.020077	NOTEST	0.0024	NOTEST	1.684759	-1.590966	2.303743	2.170304	2.717077	13.862486	0.090270	3.856386	44.036800	48.163900	1	1	1	1
FBtr0079163	obst-E-RA	0.016056	0.117706	0.0015	0.0894	1.746516	-0.531625	3.570381	1.284792	8.139074	0.507561	1.939392	1.631018	6.437895	8.911845	1	1	1	1
FBtr0075757	CG32137-RA	0.04964	0.078456	0.0159	0.0399	0.807058	0.190412	1.915449	1.896736	55.187835	90.357280	3.641882	6.836534	19.778150	29.011200	1	1	1	1
FBtr0074903	Tom20-RA	0.038942	0.098719	0.0096	0.0637	0.592004	-0.261114	1.961789	0.381717	0.027818	1.330025	0.402843	2.116749	57.155500	59.300600	1	1	1	1
FBtr0080347	bru1-RD	0.040044	0.091086	0.0102	0.0547	1.171094	-0.031173	2.291316	2.490641	92.387807	79.325487	8.665682	6.948684	4.037790	4.462130	1	1	1	1
FBtr0079609	CG7781-RA	0.035093	NOTEST	0.0074	NOTEST	0.235581	-2.105558	4.851276	2.548316	8.610230	3.034106	7.149715	4.122470	94.548750	66.412800	1	1	1	1
FBtr0306753	cnc-RJ	0.030324	NOTEST	0.0054	NOTEST	1.350193	-4.435175	3.234678	-0.961976	61.399001	23.876502	0.407765	11.308143	1.234145	2.323990	1	1	1	1
FBtr0333400	CG12091-RB	0.040044	NOTEST	0.0102	NOTEST	0.416495	-0.733729	2.699362	0.080890	15.714558	39.191748	20.955467	0.426120	23.720900	29.213700	1	0	1	1
FBtr0113205	CG7878-RA	0.004004	0.137241	0.0001	0.1201	1.577012	-0.693478	2.830381	1.390565	63.813164	0.435326	3.928186	0.671143	13.519100	16.781900	1	1	1	1
FBtr0085608	CG7903-RA	0.016056	NOTEST	0.0015	NOTEST	1.399527	-3.423688	1.561609	-0.667498	83.163332	16.312148	21.372699	0.897509	4.583120	4.845505	1	1	1	1
FBtr0082099	CG9444-RA	0.048215	NOTEST	0.0148	NOTEST	0.583964	-1.419183	2.883708	0.369597	95.222089	64.374840	4.328939	6.191455	1.175430	1.752050	1	1	1	1
FBtr0091748	primo-1-RB	0.027998	0.131182	0.0045	0.1105	1.387778	-0.776812	2.270124	-0.659164	28.361829	75.858027	23.670294	2.150844	26.341950	36.877150	1	1	1	1
FBtr0076715	Arl5-RA	0.037946	NOTEST	0.009	NOTEST	0.206347	1.331073	1.502512	2.065159	21.290963	93.061116	22.520497	0.147337	17.875400	19.760850	1	0	1	1
FBtr0084601	CG6356-RA	0.040287	NOTEST	0.0104	NOTEST	1.256976	-1.681781	3.866982	3.561820	73.280814	101.911583	8.016257	10.522534	27.159050	45.910850	1	0	1	1
FBtr0299697	Mlp60A-RB	0.024315	0.082797	0.0035	0.0446	0.974901	0.062846	3.320824	0.633453	0.288381	1.038546	22.867338	1.626821	2.904640	11.929800	1	1	1	1
FBtr0075051	CG32202-RA	0.026354	0.103901	0.0041	0.0705	1.117252	-0.279029	1.266403	2.016429	12.120592	5.836172	0.512971	0.215275	3.437425	4.776445	1	1	1	1
FBtr0301708	Men-b-RC	0.022501	NOTEST	0.0029	NOTEST	0.991089	-6.473678	2.427599	-0.597430	26.809211	7.635179	22.878189	6.530114	1.432485	1.742540	1	1	1	1
FBtr0076501	UGP-RA	0.049428	NOTEST	0.0157	NOTEST	0.415567	-1.456256	2.308280	2.432773	25.959119	1.510781	6.446963	2.380967	45.731000	50.111700	1	1	1	1
FBtr0332361	CG8086-RJ	0.045639	NOTEST	0.0132	NOTEST	0.364919	-2.409191	2.943523	-1.094288	25.202383	0.194245	0.718917	0.594792	4.610925	6.455765	1	1	1	1
FBtr0332362	CG8086-RK	0.028433	NOTEST	0.0047	NOTEST	1.373873	-1.653281	1.592936	1.684286	2.854569	46.544010	2.986937	3.592666	38.152550	51.177350	1	1	1	1
FBtr0335429	CG31523-RE	0.004004	NOTEST	0.0001	NOTEST	2.632863	-2.084976	3.247479	-0.323959	48.592590	47.009336	4.522869	3.598807	2.479160	3.760815	1	1	1	1
FBtr0089422	RpS7-RA	0.012521	0.087936	0.0009	0.0506	1.591442	-0.266464	2.644612	0.421196	14.413313	1.295363	0.173134	2.187886	687.168000	951.302000	1	1	1	1
FBtr0071350	Bx42-RA	0.048415	0.109786	0.015	0.0784	0.286017	-0.298114	0.936436	1.219952	16.636189	94.771319	21.370981	1.379244	3.251645	5.628160	1	1	1	1
FBtr0346637	qkr58E-1-RD	0.031884	0.15377	0.006	0.1473	0.809484	-0.914587	2.697284	2.587540	7.699959	4.252722	6.618713	5.046510	10.072300	9.801610	1	0	1	1
FBtr0089939	Sod3-RB	0.0	0.0836	0.0	0.0457	1.421341	0.010773	2.995743	0.905620	80.728141	37.442940	3.786792	4.081201	3.656225	3.134920	1	1	1	1
FBtr0303757	Kank-RG	0.034839	0.16379	0.0073	0.163	1.133870	-0.985567	1.793483	-0.473710	5.398792	49.951432	5.656789	5.122535	1.742655	2.088075	1	1	1	1
FBtr0335198	Cchl-RB	0.006281	0.089025	0.0002	0.0521	1.952433	-0.011217	1.989922	3.168912	27.919445	8.493808	21.161446	0.989399	24.496400	21.919400	1	1	1	1
FBtr0081221	CG17549-RA	0.038236	NOTEST	0.0092	NOTEST	0.517220	-3.099983	1.219255	-1.770650	16.544433	73.843006	21.943634	3.735709	14.675050	28.075100	1	1	1	1
FBtr0302185	sgg-RO	0.037176	NOTEST	0.0083	NOTEST	0.472353	-2.994196	1.331594	-0.121775	0.302077	29.719249	0.194267	0.462330	3.101740	3.213400	1	1	1	1
FBtr0339598	tx-RB	0.031077	NOTEST	0.0057	NOTEST	1.540703	0.303980	2.466431	2.088485	84.017386	23.602411	7.013958	9.205462	4.546245	6.190870	1	0	1	1
FBtr0339612	CG12290-RB	0.034122	NOTEST	0.007	NOTEST	0.679912	-1.138598	1.150843	2.675361	84.083950	84.125630	9.703974	9.553625	9.728005	13.268600	1	0	1	1
FBtr0081638	Dpck-RA	0.039427	0.092241	0.0099	0.0559	1.274237	0.034899	1.703811	1.562852	5.913279	56.948993	21.910370	0.495204	6.538690	6.744290	1	1	1	1
FBtr0086675	GstE7-RA	0.029042	NOTEST	0.005	NOTEST	1.420305	-3.186827	2.259775	0.742893	49.507436	90.403235	4.129200	10.163339	12.179650	25.825300	1	1	1	1
FBtr0086676	GstE8-RA	0.017516	NOTEST	0.0018	NOTEST	1.981458	-1.927282	2.159640	0.901506	55.197427	104.348874	3.622097	7.127415	7.794845	30.369050	1	1	1	1
FBtr0086671	GstE3-RA	0.027705	0.125813	0.0044	0.1024	1.701857	-0.563763	4.234700	2.575386	9.598077	3.020519	3.238001	4.070702	12.933600	20.509700	1	1	1	1
FBtr0290138	CG42235-RE	0.020585	0.103637	0.0025	0.0702	1.316517	-0.261133	2.015073	0.211719	31.500088	96.502534	0.940707	5.250863	4.492590	5.654805	1	1	1	1
FBtr0086044	Gp210-RA	0.009138	NOTEST	0.0005	NOTEST	1.228789	-4.124569	5.025839	0.279925	31.161765	0.485985	17.406144	0.971199	10.093810	15.054850	1	0	1	1
FBtr0100589	Adh-RC	0.044449	0.090397	0.0125	0.0537	1.038595	-0.042141	1.232813	1.734598	7.848567	14.569360	6.269143	8.125953	2078.630000	2041.595000	1	1	1	1
FBtr0340120	Dsor1-RB	0.03133	NOTEST	0.0058	NOTEST	0.816847	-3.036470	1.133957	1.400844	28.849733	89.917223	23.629118	5.258126	6.216535	7.808765	1	1	1	1
FBtr0333617	Diap1-RD	0.048499	NOTEST	0.0151	NOTEST	0.552534	-7.840781	1.983550	1.281189	13.363762	27.111969	20.663429	0.125939	16.895650	21.705200	1	1	1	1
FBtr0344176	Pde8-RC	0.012521	NOTEST	0.0009	NOTEST	1.611160	-1.069499	2.594681	2.005942	70.852937	8.909561	6.984137	6.696334	6.299295	4.436915	1	1	1	1
FBtr0344177	Pde8-RD	0.029395	NOTEST	0.0051	NOTEST	0.659813	-2.148414	1.920567	1.310603	72.371497	100.439469	4.241546	4.688135	1.795735	2.113980	1	1	1	1
FBtr0334275	Hph-RA	0.034122	0.110649	0.007	0.0799	0.780661	-0.310442	2.470740	4.081422	58.533222	76.303718	16.416512	6.538390	25.113000	29.695550	1	1	1	1
FBtr0082607	GstD1-RA	0.045609	NOTEST	0.013	NOTEST	0.966030	-4.532504	2.517556	2.342804	11.564751	9.345208	5.178081	6.742877	59.096650	120.187000	1	1	1	1
FBtr0079437	ninaC-RA	0.008325	NOTEST	0.0004	NOTEST	2.628441	-1.493596	4.028451	-0.547091	83.704660	83.402773	10.393349	7.988563	23.777800	26.135250	1	1	1	1
FBtr0273349	CG13305-RC	0.023063	NOTEST	0.0031	NOTEST	-0.136136	0.676617	7.010818	2.538964	72.891068	74.450285	3.549121	4.428893	2.184150	0.644645	1	0	1	1
FBtr0081257	CG13077-RA	0.028433	NOTEST	0.0047	NOTEST	1.306587	0.300994	1.692942	1.670925	25.847221	44.274275	0.448371	3.826982	37.253950	69.096150	1	0	1	1
FBtr0071637	Tmtc3-RA	0.012983	NOTEST	0.001	NOTEST	1.980890	-2.259597	2.808848	0.521426	70.969349	2.926938	3.536829	3.157303	3.200055	4.618070	1	1	1	1
FBtr0070233	CG3719-RA	0.016056	NOTEST	0.0015	NOTEST	1.400801	-1.216626	1.722241	-0.791344	5.324313	27.575968	23.221063	0.796105	37.463850	49.549050	1	0	1	1
FBtr0303587	Mur2B-RB	0.035591	NOTEST	0.0076	NOTEST	1.005842	-1.473555	3.427830	-0.583295	34.088055	7.554232	2.871423	0.739330	3.934820	5.571905	1	0	1	1
FBtr0072083	angel-RA	0.033382	0.106729	0.0066	0.0743	1.197123	-0.309458	1.792156	2.343167	84.663466	1.070569	21.366851	0.972528	2.446025	2.304685	1	1	1	1
FBtr0085921	CG2201-RA	0.011853	NOTEST	0.0008	NOTEST	1.882414	-1.269480	3.036115	1.219226	85.792237	74.365759	13.943406	8.775050	30.120700	42.940850	1	0	1	1
FBtr0345108	Svil-RAA	0.035591	NOTEST	0.0076	NOTEST	0.993547	-1.894224	1.665180	2.206076	36.329463	87.673810	19.001583	4.643856	10.714650	14.057950	1	1	1	1
FBtr0300555	PMCA-RJ	0.036062	NOTEST	0.0079	NOTEST	0.806711	-5.265268	1.543823	-0.399492	29.946931	34.318931	1.342441	2.219280	38.754700	36.432700	1	1	1	1
FBtr0301528	RabX5-RB	0.006281	0.079967	0.0002	0.0414	1.855008	0.150176	1.981748	2.410235	15.082703	55.496972	8.872082	5.874269	1.661150	1.737835	1	1	1	1
FBtr0075143	CG7402-RA	0.042507	NOTEST	0.0115	NOTEST	1.121751	1.370816	1.982861	2.505329	80.629231	45.346887	7.510109	1.673966	1.243795	0.716861	1	0	1	1
FBtr0331505	CG43778-RD	0.012983	NOTEST	0.001	NOTEST	1.376104	-1.034726	2.745210	0.191629	26.331480	46.356997	10.929254	9.260990	29.118350	17.950050	1	1	1	1
FBtr0089340	Rel-RC	0.04964	NOTEST	0.0159	NOTEST	0.870308	-1.361700	2.192557	1.216717	6.799939	11.391512	3.490858	4.979802	8.131480	19.770950	1	1	1	1
FBtr0088842	CG12822-RB	0.033871	0.116787	0.0068	0.0881	0.505295	-0.480358	0.887107	0.079341	16.659706	71.236889	0.288565	1.888054	25.649600	27.043850	1	0	1	1
FBtr0112706	CG34417-RF	0.016056	0.109199	0.0015	0.0774	2.268540	-0.266552	3.466249	1.356007	105.687385	63.043116	7.613369	6.720700	3.494905	6.419340	1	1	1	1
FBtr0299903	Rab21-RC	0.041329	NOTEST	0.011	NOTEST	0.517879	-3.868868	2.000417	0.367578	7.148978	6.618416	17.625395	5.512624	12.462050	14.146900	1	0	1	1
FBtr0072338	CG4707-RA	0.037495	0.090397	0.0086	0.0537	0.513619	0.044723	1.144080	0.873997	12.621375	28.132654	20.515064	0.855268	2.116695	2.589435	1	0	1	1
FBtr0112879	CrebB-RJ	0.004004	NOTEST	0.0001	NOTEST	2.323995	-0.561350	3.836013	1.295438	56.024892	62.576981	3.492248	6.127111	27.857950	32.739500	1	0	1	1
FBtr0086580	CG15111-RB	0.021208	0.11156	0.0026	0.0813	1.530047	-0.381219	2.693821	1.989568	5.426045	5.810642	5.600163	2.428993	5.348020	7.487585	1	1	1	1
FBtr0329978	CG34351-RD	0.036062	NOTEST	0.0079	NOTEST	0.391236	-1.943453	2.366598	-0.616833	14.121448	89.661196	8.796064	11.369239	42.036800	23.580950	1	1	1	1
FBtr0084648	Esyt2-RB	0.020077	NOTEST	0.0024	NOTEST	1.338505	-1.396988	1.759276	3.419404	32.882447	44.424212	3.933186	3.490886	24.632700	47.251750	1	1	1	1
FBtr0085373	Ctl2-RC	0.020077	NOTEST	0.0024	NOTEST	1.352779	-0.533730	2.391569	1.591955	56.533617	64.320656	5.896023	6.197380	18.021050	25.736600	1	0	1	1
FBtr0331759	alpha-Man-Ia-RP	0.049033	NOTEST	0.0154	NOTEST	0.705316	-3.868983	1.202161	0.368686	17.126294	44.189492	22.133908	2.253312	18.415650	16.865000	1	1	1	1
FBtr0332415	CG8353-RB	0.027304	0.131722	0.0043	0.1117	1.215010	-0.626216	1.814226	1.865979	48.736630	64.627271	7.489780	7.497099	6.928430	8.563265	1	1	1	1
FBtr0332000	PNUTS-RE	0.043045	NOTEST	0.0119	NOTEST	0.522145	-2.422436	3.277945	-0.862357	15.381575	31.893387	2.149259	1.597233	6.934805	8.517695	1	1	1	1
FBtr0100382	nrv2-RF	0.027998	0.092786	0.0045	0.0564	1.287082	-0.202695	1.389673	1.748255	24.403505	95.661831	23.808448	0.184253	123.583500	107.553500	1	1	1	1
FBtr0077966	CG4887-RA	0.034839	0.083681	0.0073	0.0458	0.520067	-0.316784	0.670360	0.396613	8.379489	41.714978	23.637402	3.258039	9.659840	10.210570	1	1	1	1
FBtr0079999	CG5022-RA	0.033382	0.136382	0.0066	0.1186	0.976399	-0.931032	4.482635	0.524841	23.041181	0.224430	2.642637	0.204841	2.154965	2.668595	1	1	1	1
FBtr0343756	pre-mod(mdg4)-B-RA	0.043045	NOTEST	0.0119	NOTEST	0.730059	-2.430977	2.629680	-0.535047	67.880787	4.413287	6.422200	3.518195	3.314175	2.225965	1	1	1	1
FBtr0071015	CG8300-RA	0.048499	0.096785	0.0151	0.0611	0.790037	-0.250650	1.281400	1.947984	31.396457	11.374409	1.779239	2.628533	4.366190	6.383555	1	1	1	1
FBtr0071547	CG3295-RA	0.047622	NOTEST	0.0145	NOTEST	0.473522	-2.749818	0.939948	-1.225883	10.868564	31.284899	22.026639	0.403592	30.779350	32.751200	1	0	1	1
FBtr0078704	Atu-RA	0.049428	NOTEST	0.0157	NOTEST	0.457260	-2.145639	1.751003	1.686166	20.761870	93.752353	20.341727	4.453954	1.715175	2.829405	1	1	1	1
FBtr0334890	COX5A-RC	0.008325	0.16038	0.0004	0.1583	0.733328	-0.894004	2.238942	2.994618	1.969686	1.014238	0.512770	2.197743	112.169500	97.421550	1	1	1	1
FBtr0085101	TwdlT-RA	0.017516	0.147369	0.0018	0.137	1.773247	-0.868186	2.409483	1.392746	55.279410	76.584859	3.431826	1.743688	1.987430	4.565330	1	1	1	1
FBtr0305317	CG30345-RB	0.024682	NOTEST	0.0036	NOTEST	0.938998	-0.239936	3.608895	-0.069819	17.448369	18.053888	9.445694	5.181478	4.104490	5.406135	1	0	1	1
FBtr0085513	trp-RA	0.012521	NOTEST	0.0009	NOTEST	2.500768	1.051024	2.537335	1.884691	8.607550	51.472013	18.425346	3.827110	222.895000	226.007000	1	0	1	1
FBtr0086089	COX4L-RA	0.03133	NOTEST	0.0058	NOTEST	1.200968	-3.201455	1.312319	-2.230293	12.960613	54.230972	18.344913	5.703566	1.087514	1.240890	1	1	1	1
FBtr0078226	CG11796-RB	0.034078	0.083813	0.0069	0.0459	1.361613	-0.016040	2.077071	1.529832	85.885440	49.031504	1.552933	3.204455	5.629860	6.569445	1	1	1	1
FBtr0084852	CG10560-RA	0.049564	0.075162	0.0158	0.0364	0.848533	0.131874	2.237442	3.649616	3.771287	1.612542	4.664814	2.997701	43.169100	28.873400	1	1	1	1
FBtr0300866	CG13124-RE	0.046577	0.104133	0.0138	0.0709	0.790133	-0.357018	1.629826	0.354636	4.086289	13.114752	4.038510	4.823480	12.551850	17.611950	1	1	1	1
FBtr0073067	PHGPx-RA	0.033871	NOTEST	0.0068	NOTEST	0.909519	-3.223519	1.597775	-0.690997	25.797954	96.859503	23.997720	4.334880	54.509150	106.898000	1	1	1	1
FBtr0085922	CG2201-RC	0.018021	0.090042	0.0019	0.0531	2.092597	-0.087873	2.330481	1.765432	31.816973	71.541819	22.945805	0.920219	18.354650	15.419550	1	1	1	1
FBtr0336679	St3-RB	0.031077	NOTEST	0.0057	NOTEST	1.518322	-1.501201	1.779809	0.374781	89.061560	86.343118	23.663969	3.291090	42.888900	66.801650	1	1	1	1
FBtr0075365	Syx8-RA	0.045639	0.130246	0.0132	0.1093	0.907784	-0.577561	1.254078	0.986539	20.178185	87.648232	22.593840	0.718622	18.247050	25.209700	1	1	1	1
FBtr0079572	Bsg-RH	0.048038	NOTEST	0.0147	NOTEST	0.770949	-4.831394	1.786724	2.133911	11.212993	2.494572	6.527692	3.650392	32.460350	42.380900	1	1	1	1
FBtr0074183	PGRP-LE-RA	0.014986	0.141319	0.0013	0.1271	1.883257	-0.842594	2.692304	1.076698	30.298586	90.737857	1.407199	5.204250	7.455540	10.456050	1	1	1	1
FBtr0077144	Cyt-c1-RA	0.028219	0.106264	0.0046	0.0738	1.308997	-0.272382	2.261235	5.799908	0.346535	3.094806	23.647017	2.113429	161.102500	121.451000	1	1	1	1
FBtr0310088	Zasp52-RN	0.024912	0.165751	0.0037	0.1652	1.786221	-0.995297	4.536091	-0.809240	45.260710	55.456766	23.581395	5.952996	1.173570	1.039250	1	1	1	0
FBtr0310531	Chd64-RC	0.040044	NOTEST	0.0102	NOTEST	0.857770	-2.162736	4.852391	0.843779	2.507195	2.506864	2.419735	2.069739	138.775500	172.888500	1	1	1	1
FBtr0078413	AcCoAS-RA	0.034078	NOTEST	0.0069	NOTEST	0.814103	-4.441311	2.273296	1.522776	6.272747	3.193353	5.987354	4.376996	85.513300	57.670600	1	1	1	1
FBtr0305149	Imp-RK	0.017516	NOTEST	0.0018	NOTEST	1.630634	-2.460383	1.751211	0.135986	53.292279	27.530443	8.823127	11.560321	2.276625	3.546885	1	1	1	1
FBtr0085961	RpL21-RA	0.037648	0.120796	0.0088	0.0946	1.324372	-0.549671	5.195926	4.359209	6.634240	2.481870	3.572605	3.337194	530.160500	653.325500	1	1	1	1
FBtr0075992	ssp-RA	0.018307	NOTEST	0.002	NOTEST	1.766318	-1.485072	2.326161	-0.380090	32.553446	10.940868	20.918883	2.274201	10.494000	13.541300	1	0	1	1
FBtr0076360	CG6709-RA	0.038458	0.15051	0.0094	0.1421	1.097552	-0.926580	2.094250	-0.240092	67.689390	60.437627	5.751782	7.231806	6.414595	8.904795	1	1	1	1
FBtr0301645	Teh4-RB	0.03133	0.085747	0.0058	0.048	0.689267	0.026032	1.657619	1.661554	53.355088	93.381552	2.612230	4.770467	9.272955	9.254280	1	1	1	1
FBtr0082457	Jupiter-RB	0.04701	0.099472	0.014	0.0646	0.823005	-0.101287	1.877730	1.590507	1.305292	2.412219	23.723556	2.890583	6.612700	4.999180	1	1	1	1
FBtr0075517	Arl1-RA	0.010993	0.094499	0.0007	0.0584	1.273070	-0.135965	1.501294	1.128907	6.435020	59.405284	0.459808	3.245450	11.523550	16.130200	1	1	1	1
FBtr0334285	btsz-RB	0.047472	NOTEST	0.0144	NOTEST	0.701593	-2.281437	1.716105	-1.118407	25.893596	73.811937	9.827629	7.841519	2.599340	1.907595	1	1	1	1
FBtr0078676	CG2082-RD	0.028219	NOTEST	0.0046	NOTEST	1.023375	-4.558607	2.397668	-0.541597	8.212049	10.131772	6.837050	7.145515	4.656155	4.038070	1	1	1	1
FBtr0083703	Xrp1-RD	0.042794	NOTEST	0.0117	NOTEST	0.375322	-2.588410	3.488223	1.772818	65.189819	86.955366	4.296849	2.364071	16.946050	40.617650	1	1	1	1
FBtr0331384	CG14806-RB	0.038092	0.140456	0.0091	0.1256	0.820181	-0.718332	1.295810	1.786833	1.782974	1.768964	22.612393	0.577085	17.128450	16.854050	1	0	1	1
FBtr0083258	tara-RB	0.008325	0.144792	0.0004	0.1328	1.439854	-0.856526	3.681574	1.941281	26.818151	8.548916	7.463241	6.826118	7.416045	9.692755	1	1	1	1
FBtr0299582	Tlk-RH	0.010993	NOTEST	0.0007	NOTEST	1.802433	-2.042973	2.297782	-1.174774	20.881792	122.430926	10.364133	11.854882	13.528450	12.298050	1	0	1	1
FBtr0331218	LUBEL-RG	0.042891	NOTEST	0.0118	NOTEST	0.590622	-3.487129	1.548104	1.319192	71.291826	4.529742	3.974184	4.663619	1.976555	4.009285	1	1	1	1
FBtr0331389	Drip-RE	0.035867	NOTEST	0.0077	NOTEST	0.888896	-1.617686	2.822027	0.322924	23.308209	22.739746	11.554127	11.677954	11.719850	9.334520	1	1	1	1
FBtr0071590	MFS16-RB	0.042891	NOTEST	0.0118	NOTEST	0.800933	-2.251922	2.340927	-0.908562	26.124458	50.334439	13.435829	8.090355	2.944255	4.140500	1	1	1	1
FBtr0071607	Acox57D-d-RA	0.034646	NOTEST	0.0072	NOTEST	0.712568	-1.861427	2.904043	5.031631	13.368368	49.725934	20.766451	4.443774	2.776140	1.946945	1	1	1	1
FBtr0071168	Trxr-1-RB	0.03366	NOTEST	0.0067	NOTEST	1.093512	-1.720203	1.499947	-0.586928	11.673038	39.176987	21.769347	1.445294	6.380435	12.779900	1	1	1	1
FBtr0075566	AIMP2-RB	0.015557	NOTEST	0.0014	NOTEST	2.185726	-1.421984	2.565017	0.015751	77.004578	95.289355	0.520492	0.904264	16.054150	21.743050	1	1	1	1
FBtr0075564	CG12301-RA	0.00999	0.100472	0.0006	0.0657	2.712380	-0.345547	3.224608	1.040180	86.970311	16.577787	21.910884	0.849752	2.076480	2.500220	1	1	1	1
FBtr0075209	U4-U6-60K-RA	0.037648	NOTEST	0.0087	NOTEST	1.023607	-1.002574	1.234643	1.205870	56.404435	15.841898	23.945020	1.901766	2.818700	3.642515	1	1	1	1
FBtr0075208	Edc3-RB	0.039615	NOTEST	0.01	NOTEST	0.606092	-2.205286	1.848962	0.853443	14.634285	6.578687	9.220341	5.624816	12.534000	15.912650	1	0	1	1
FBtr0307191	nuf-RM	0.00999	0.078122	0.0006	0.0396	2.206097	-0.199765	3.851630	2.375262	24.776384	28.141738	10.470053	8.258644	20.188750	22.789350	1	1	1	1
FBtr0100183	14-3-3zeta-RJ	0.031884	NOTEST	0.006	NOTEST	0.462206	-4.825213	1.868233	0.031377	91.511835	94.898928	21.315155	4.752709	248.412500	319.156500	1	1	1	1
FBtr0087840	spt4-RA	0.00999	NOTEST	0.0006	NOTEST	2.147493	-1.507597	2.906850	1.697191	38.651990	1.029420	2.478518	0.247722	21.012950	26.486900	1	1	1	1
FBtr0343381	CG9512-RB	0.024682	NOTEST	0.0036	NOTEST	1.373715	-4.480098	1.731792	-0.751085	34.157551	24.571729	7.052668	8.249043	100.113150	29.684950	1	1	1	1
FBtr0087241	Lis-1-RF	0.030324	0.088809	0.0054	0.0519	0.763826	-0.090259	2.746096	2.503427	70.166632	88.983493	3.924922	5.222815	5.178645	6.336620	1	1	1	1
FBtr0073397	CG1552-RB	0.015557	NOTEST	0.0014	NOTEST	1.908757	-1.625320	2.272989	1.688184	25.617350	3.441917	0.122286	2.016891	47.498150	42.383900	1	1	1	1
FBtr0340144	CG6568-RB	0.043827	NOTEST	0.0123	NOTEST	0.748110	-1.012447	1.145098	0.521144	22.596995	72.237838	23.532170	7.124857	4.874195	5.434920	1	1	1	1
FBtr0077454	CG15440-RA	0.047351	0.138	0.0143	0.1212	0.281884	-0.722113	0.362827	-0.539211	0.135969	27.149787	0.587403	0.578736	11.477550	15.500050	1	0	1	1
FBtr0340192	Gfrl-RM	0.030821	NOTEST	0.0056	NOTEST	0.869622	-4.145322	2.613822	-0.462011	10.156614	17.981802	7.704981	10.384093	11.064300	9.548790	1	1	1	1
FBtr0079307	homer-RB	0.038092	NOTEST	0.0091	NOTEST	0.833441	-1.660193	1.242271	-0.164513	3.512898	29.949966	21.930467	0.728253	1.025450	1.032005	1	1	1	1
FBtr0088473	trpl-RB	0.029042	NOTEST	0.005	NOTEST	1.302533	-1.215354	1.904666	2.600336	17.354523	18.896276	9.177315	9.196518	154.913000	97.909400	1	1	1	1
FBtr0088576	Su(var)2-10-RE	0.04338	NOTEST	0.0121	NOTEST	0.834168	1.203312	1.739800	2.639143	69.403624	105.256580	5.986831	6.676887	14.214450	13.824750	1	0	1	1
FBtr0344845	CG10623-RC	0.04701	NOTEST	0.014	NOTEST	0.556469	-3.089144	1.972224	1.746715	26.611719	65.509701	5.589260	6.502161	6.008795	3.732315	1	1	1	1
FBtr0332356	CG42817-RB	0.037946	0.077316	0.009	0.0386	1.358187	0.135357	2.675329	1.332946	70.377137	97.448456	7.697575	7.225953	13.062750	13.091500	1	1	1	1
FBtr0091486	PNUTS-RA	0.04631	0.081702	0.0135	0.0431	0.673210	0.082560	1.353091	1.515209	2.899356	77.676416	23.563078	3.292823	12.212050	10.695200	1	1	1	1
FBtr0087444	hui-RB	0.027705	NOTEST	0.0044	NOTEST	0.912872	-1.195153	1.174927	0.750250	7.725922	50.580981	5.749356	5.385857	32.105700	53.744050	1	0	1	1
FBtr0110811	CG14864-RB	0.031642	NOTEST	0.0059	NOTEST	0.933967	-2.256940	2.740062	1.233099	9.855614	94.617579	16.761656	7.830648	1.440965	2.771580	1	1	1	1
FBtr0073146	sty-RB	0.006281	NOTEST	0.0002	NOTEST	2.568252	0.556206	3.524102	2.015541	10.576589	26.110370	7.235775	9.729588	11.163100	15.157550	1	0	1	1
FBtr0306738	fne-RC	0.040464	0.076404	0.0106	0.0377	1.055775	0.149534	2.436795	2.346379	2.475070	1.433267	3.733275	2.930098	55.482450	48.151900	1	1	1	1
FBtr0072417	pain-RA	0.023507	0.07866	0.0032	0.0402	0.786701	-0.156385	1.696148	1.074656	12.865769	45.490414	6.079873	3.985097	6.439900	13.597000	1	1	1	1
FBtr0452125	CG46310-RA	0.042034	0.10336	0.0113	0.0696	0.882954	-0.294118	2.491283	-0.019525	30.289900	93.510034	12.494474	6.185456	1.248755	1.689850	1	1	1	1
FBtr0070688	CG3009-RA	0.017516	0.131331	0.0018	0.1108	1.383595	-0.638706	4.073742	3.381705	69.060070	6.509458	4.057010	0.729721	9.514840	9.031935	1	1	1	1
FBtr0433531	Sod3-RF	0.035093	0.110036	0.0074	0.079	0.950162	-0.445842	2.298332	1.365509	71.002314	1.867745	5.773391	0.275892	10.933350	7.888015	1	1	1	1
FBtr0086889	swi2-RA	0.027998	NOTEST	0.0045	NOTEST	0.812503	-2.467989	1.015617	-1.556929	10.483306	21.865193	3.346072	0.289670	1.082735	1.302485	1	1	1	1
FBtr0085094	SPARC-RA	0.008325	NOTEST	0.0004	NOTEST	1.482311	0.768729	2.903667	1.480078	15.359991	47.098888	22.325572	1.483737	136.017000	175.430500	1	0	1	1
FBtr0074135	exd-RA	0.024912	NOTEST	0.0037	NOTEST	0.624180	-0.691302	2.039040	1.241994	6.101796	76.286214	6.047374	9.283733	45.476950	46.785350	1	0	1	1
FBtr0088073	Tret1-1-RA	0.034078	NOTEST	0.0069	NOTEST	1.129614	-1.282029	2.459564	-0.237324	18.935194	6.661975	22.285468	6.264333	17.280750	25.959750	1	0	1	1
FBtr0302662	rdgA-RC	0.032253	NOTEST	0.0061	NOTEST	0.455241	-0.282717	2.171710	1.325503	78.207441	51.641653	3.055600	5.402272	3.149425	3.371530	1	0	1	1
FBtr0078215	mTerf3-RA	0.037274	0.092152	0.0084	0.0558	0.931047	-0.145075	1.021920	1.465572	90.176103	15.373851	4.167232	8.131120	5.877825	7.309600	1	1	1	1
FBtr0334794	kraken-RB	0.015557	0.126622	0.0014	0.1035	1.596348	-0.545089	1.859836	0.525191	4.487212	7.178312	1.600477	1.828153	7.975250	16.374200	1	1	1	1
FBtr0307491	GCS1-RC	0.012521	NOTEST	0.0009	NOTEST	1.307908	-3.043847	1.673604	-0.509175	22.347782	27.719475	20.363792	2.139437	6.119105	6.094965	1	1	1	1
FBtr0078135	CG3625-RA	0.048415	NOTEST	0.015	NOTEST	0.416235	-3.671681	2.316385	0.477883	20.344884	26.540704	23.015746	0.536504	31.321450	34.170200	1	1	1	1
FBtr0081367	CG10949-RA	0.034122	0.127776	0.007	0.1054	0.653237	-0.642000	0.891383	0.235829	20.340920	13.963649	22.750973	1.019779	2.882165	3.316700	1	1	1	1
FBtr0082829	CG9288-RA	0.009138	NOTEST	0.0005	NOTEST	2.279665	-2.428415	3.320669	1.101943	11.012798	0.197379	21.738554	0.451112	4.200165	4.957650	1	1	1	1
FBtr0305077	Dyb-RH	0.038686	0.139213	0.0095	0.1234	1.267283	-0.787128	2.057943	0.933709	23.965131	92.128868	22.683442	0.770151	22.900800	15.419850	1	1	1	1
FBtr0072130	TM4SF-RA	0.020585	0.077336	0.0025	0.0387	1.565465	-0.051237	2.253382	1.018732	3.216661	3.648553	0.757497	2.025251	83.374850	34.037400	1	1	1	1
FBtr0334640	Lrrk-RC	0.027304	NOTEST	0.0043	NOTEST	1.391877	-3.169945	1.566648	-1.583944	18.797662	19.931268	15.255026	1.578611	3.525585	3.590490	1	1	1	1
FBtr0084406	CG31365-RA	0.034839	NOTEST	0.0073	NOTEST	0.910129	-3.039018	2.084435	-1.648677	9.120010	4.844341	0.108169	0.877129	4.919075	6.112020	1	0	1	1
FBtr0088205	CG12391-RA	0.022706	0.080173	0.003	0.0416	1.582359	0.261367	1.699318	1.160639	7.373417	51.123797	22.549656	0.440682	2.617845	3.440470	1	1	1	1
FBtr0075322	Nrt-RB	0.041496	NOTEST	0.0111	NOTEST	0.489232	-1.828229	0.836257	-0.377573	16.822830	71.957057	9.591074	11.410344	18.665350	17.527550	1	1	1	1
FBtr0087881	CG8785-RA	0.006281	0.077381	0.0002	0.0388	2.962410	0.134343	4.354825	2.817968	61.700187	57.593680	7.203100	6.493015	4.213485	6.441315	1	1	1	1
FBtr0300982	bsk-RE	0.045609	NOTEST	0.013	NOTEST	1.015618	-2.387212	1.797971	0.396586	25.197521	70.277316	0.214893	4.598920	2.164225	1.176735	1	1	0	1
FBtr0071676	Tim10-RA	0.028909	0.145321	0.0049	0.1336	1.326660	-0.777917	1.484581	2.576279	23.623589	6.226562	23.859796	0.582151	19.477400	26.217700	1	1	1	1
FBtr0075078	CG3961-RC	0.021654	NOTEST	0.0027	NOTEST	1.245203	-1.514392	2.061452	-1.142684	0.609618	5.171544	1.543344	5.067626	17.637850	16.511550	1	1	1	1
FBtr0080916	mdy-RB	0.023507	0.097741	0.0032	0.0625	1.641879	-0.114915	2.835662	3.325529	23.680378	36.343693	23.917946	2.064607	35.435700	38.546450	1	1	1	1
FBtr0347560	CG31064-RH	0.048843	NOTEST	0.0153	NOTEST	0.491913	-1.333070	0.868043	2.813790	43.946512	78.386676	8.154447	7.479352	1.730245	1.148669	1	1	1	1
FBtr0081993	pum-RB	0.026865	0.149208	0.0042	0.1402	1.680916	-0.839733	2.506038	2.471839	71.148405	96.169057	23.826367	2.795265	3.892715	4.585350	1	1	1	1
FBtr0335387	FASN1-RC	0.016056	0.086604	0.0015	0.0492	1.288296	-0.073448	1.547647	2.138066	4.234281	81.549277	4.019556	4.291451	36.733300	30.394850	1	1	1	1
FBtr0290278	CG8229-RD	0.022706	NOTEST	0.003	NOTEST	1.531963	-1.447893	3.453663	0.771506	1.671606	2.365182	1.512267	3.726974	7.753435	10.042830	1	1	1	1
FBtr0302434	CG16986-RB	0.014403	0.118559	0.0012	0.0906	2.013702	-0.609068	2.861669	1.090483	47.450501	1.606977	1.156682	0.999108	25.338150	24.224950	1	1	1	1
FBtr0071094	RpS14a-RB	0.035867	0.077218	0.0077	0.0385	1.021084	0.081302	2.402298	2.156717	11.802778	4.341252	3.085812	4.720656	290.232000	360.482000	1	1	1	1
FBtr0070861	CG6041-RA	0.022706	0.11549	0.003	0.0862	1.367667	-0.357551	3.838740	1.742064	62.118740	48.724973	1.481424	4.841781	11.749850	13.159500	1	1	1	1
FBtr0339781	SPR-RB	0.004004	NOTEST	0.0001	NOTEST	3.123657	2.403127	3.281518	3.361345	6.274395	41.978254	6.106548	2.725162	20.355550	24.795600	1	0	1	1
FBtr0082183	Best1-RA	0.023063	0.092836	0.0031	0.0566	0.882728	-0.306134	1.405869	0.469083	15.989255	46.349377	2.109409	2.235825	9.567825	13.098300	1	1	1	1
FBtr0082181	Invadolysin-RA	0.008325	NOTEST	0.0004	NOTEST	2.393776	-1.441810	2.825134	2.409051	44.009325	95.326106	2.011935	2.782593	45.924900	61.959950	1	1	1	1
FBtr0345006	CG2277-RC	0.020077	NOTEST	0.0024	NOTEST	1.855053	-1.763735	2.191125	0.898023	42.803755	97.919054	4.343331	5.554783	5.878420	6.427820	1	1	1	1
FBtr0299788	CG42326-RD	0.00999	0.107104	0.0006	0.0749	1.360607	-0.381990	3.685483	2.444588	79.992083	90.775342	4.937967	2.141907	2.203710	2.060725	1	1	1	1
FBtr0343326	CG32726-RB	0.043228	0.159886	0.012	0.157	0.731826	-0.974111	1.256659	1.467319	34.596284	45.894623	1.271543	3.149877	39.911550	26.835100	1	1	0	0
FBtr0331760	sog-RB	0.023613	NOTEST	0.0033	NOTEST	1.141983	-3.003196	2.657907	-0.762933	9.072294	51.131106	6.639687	2.895338	2.403760	4.608630	1	0	1	1
FBtr0304807	CG43078-RA	0.027705	0.11549	0.0044	0.0862	1.097338	-0.447040	2.814041	2.957082	36.871156	35.273633	1.707485	0.611965	9.893905	8.661370	1	1	1	1
FBtr0085694	aralar1-RA	0.009138	NOTEST	0.0005	NOTEST	2.616683	-1.894267	2.695892	3.082422	52.302064	35.417160	3.864930	2.276548	56.452700	59.600600	1	1	1	1
FBtr0076782	Pdp1-RC	0.029395	NOTEST	0.0051	NOTEST	1.172761	-1.299418	2.372380	0.969885	51.866197	12.893055	8.279811	8.684873	6.975470	10.289375	1	1	1	1
FBtr0301858	CG42268-RH	0.018021	NOTEST	0.0019	NOTEST	1.799617	-3.558599	2.317275	0.818424	2.735632	1.034263	2.241122	1.651526	9.922070	8.705190	1	1	1	1
FBtr0079148	Gpdh1-RA	0.04087	NOTEST	0.0108	NOTEST	0.863861	-2.136394	1.290601	0.344709	50.200698	57.296932	6.665216	4.930328	23.522300	22.538400	1	1	1	1
FBtr0084308	CG6985-RA	0.038092	NOTEST	0.0091	NOTEST	0.958298	-3.802763	1.617883	-1.869560	72.763775	76.574472	17.375282	9.400291	1.756850	3.299290	1	1	1	1
FBtr0089451	anne-RG	0.018307	0.120029	0.002	0.0935	1.726239	-0.508963	2.854880	2.618320	1.636787	57.715448	2.877428	6.458509	33.720300	24.610700	1	1	1	1
FBtr0071389	CG9686-RA	0.006281	0.100848	0.0002	0.0666	1.986996	-0.266310	2.671564	1.920777	33.465684	14.647755	1.820471	2.600438	61.840600	154.505000	1	1	1	1
FBtr0080362	Patsas-RA	0.049033	NOTEST	0.0155	NOTEST	0.634581	-1.113860	3.031581	0.754272	1.520168	5.393209	1.307126	3.367865	7.698275	4.855115	1	1	1	1
FBtr0333835	Rdl-RF	0.010993	0.096183	0.0007	0.0604	1.635650	-0.121168	2.252305	1.636974	5.007867	14.309579	5.409389	5.959908	121.741000	84.512300	1	0	1	1
FBtr0110960	CG32982-RB	0.023063	0.096373	0.0031	0.0606	1.625908	-0.138591	2.198354	0.654605	5.339131	60.340627	2.786106	4.432171	7.515425	11.566250	1	1	1	1
FBtr0340195	sdk-RG	0.049033	NOTEST	0.0155	NOTEST	0.716121	-2.595476	1.214086	0.668913	12.757086	26.477559	7.804414	7.293046	1.655135	1.649015	1	1	1	1
FBtr0071207	Nrg-RA	0.049231	0.167679	0.0156	0.1674	0.501970	-0.973862	2.467599	2.786775	39.403069	96.231876	7.101728	5.929200	3.456960	5.563670	1	1	1	1
FBtr0089553	Ubc10-RA	0.04544	NOTEST	0.0129	NOTEST	0.461991	-2.273771	1.044353	0.030559	3.719411	8.687377	0.790260	1.405942	19.797650	22.693200	1	1	1	1
FBtr0078847	CG2016-RB	0.004004	0.122129	0.0001	0.0967	1.852572	-0.525295	2.190231	-0.185630	20.280813	36.270071	22.791767	1.723333	15.662000	8.787375	1	1	1	1
FBtr0087533	CG8468-RA	0.045639	0.130702	0.0131	0.1099	0.855606	-0.717422	2.900913	0.662974	46.304344	60.712668	13.805865	9.646742	8.624710	12.996100	1	1	1	1
FBtr0086156	SdhB-RA	0.013672	0.112642	0.0011	0.0828	0.681630	-0.342418	1.078276	1.647755	20.722172	7.776468	22.169088	0.786369	37.960100	48.516750	1	1	1	1
FBtr0087902	Den1-RA	0.030085	NOTEST	0.0053	NOTEST	1.031695	-1.206249	4.022652	1.008690	14.033485	0.752269	0.737046	0.649974	34.171050	27.652950	1	1	1	1
FBtr0087293	Mlf-RB	0.048301	NOTEST	0.0149	NOTEST	1.018395	-1.071111	2.162394	1.511535	9.327420	1.081699	21.767337	0.920266	38.937850	23.089100	1	1	1	1
FBtr0303779	CG10165-RC	0.040756	NOTEST	0.0107	NOTEST	0.868593	-5.748380	2.215108	2.622851	62.720892	7.119731	7.096608	6.194183	2.502590	2.886045	1	1	1	1
FBtr0083667	CG7706-RA	0.042891	0.094267	0.0118	0.0581	0.788915	-0.076773	2.311899	1.429899	8.383575	10.599154	0.797301	3.727610	1.004268	1.475515	1	1	1	1
FBtr0344438	Kr-h1-RB	0.011853	0.082681	0.0008	0.0444	1.570276	0.071777	2.356899	2.357875	50.573822	49.978798	4.716295	3.698236	2.371965	2.590300	1	1	1	1
FBtr0307350	Arr1-RB	0.023063	NOTEST	0.0031	NOTEST	0.375880	-1.402878	6.616081	0.581094	80.336194	4.954402	5.075616	2.932667	3.985820	2.785220	1	1	1	1
FBtr0339181	Sp7-RF	0.037648	NOTEST	0.0088	NOTEST	0.569963	-3.801816	1.708618	-1.141035	35.947837	7.889377	1.858454	5.920304	1.239115	2.123045	1	1	1	1
FBtr0088717	CG30356-RA	0.047472	NOTEST	0.0144	NOTEST	0.696795	-2.979529	2.168042	-2.357790	54.236570	24.760952	4.312841	6.450101	2.673150	2.682215	1	1	1	1
FBtr0070070	Or1a-RA	0.040287	0.115077	0.0104	0.0857	1.004518	-0.421220	1.674295	-0.269459	17.619591	62.656783	7.792120	3.603297	1.727010	1.249945	1	1	1	1
FBtr0340359	CG5174-RP	0.018021	0.092836	0.0019	0.0566	2.060685	-0.206296	2.579250	3.548697	53.474813	3.923046	4.760355	2.398535	5.326970	7.211265	1	1	1	1
FBtr0344327	CG31224-RC	0.043045	NOTEST	0.0119	NOTEST	0.405735	-1.276929	1.044481	-0.184101	42.222419	69.574119	23.469529	7.904910	1.135075	1.188355	1	1	1	1
FBtr0075983	CG32103-RC	0.033164	0.085747	0.0065	0.048	0.948838	0.156185	2.329994	0.412505	15.210501	97.354766	21.542799	2.869579	11.548950	18.311400	1	1	1	1
FBtr0310064	vib-RB	0.024315	NOTEST	0.0035	NOTEST	1.373138	-3.538581	1.509321	0.662407	16.982538	114.453356	4.614124	11.328274	24.735100	15.595200	1	1	1	1
FBtr0307508	CG31817-RB	0.011853	NOTEST	0.0008	NOTEST	2.299159	2.557006	5.646383	3.748691	14.475334	74.901255	6.581284	7.344041	1.085335	0.483480	1	0	1	1
FBtr0452181	yki-RH	0.046577	0.164037	0.0138	0.1633	0.836662	-0.967351	2.303905	0.641825	8.975419	19.595156	23.262363	8.697833	5.289330	5.954990	1	1	1	1
FBtr0084458	CG10375-RA	0.04087	NOTEST	0.0108	NOTEST	0.417556	1.328731	0.799029	1.475686	18.341428	15.678695	0.127920	0.795264	10.237350	12.672650	1	0	1	1
FBtr0071035	Inx7-RA	0.04964	NOTEST	0.0159	NOTEST	0.790828	-0.917376	2.600764	0.115097	78.844383	61.098073	6.717923	4.961868	1.293175	0.819794	1	0	1	1
FBtr0072812	alphaCOP-RA	0.03366	NOTEST	0.0067	NOTEST	1.227777	-3.124256	2.012216	0.046774	90.610860	44.053517	2.645837	3.967787	13.102950	20.338050	1	1	1	1
FBtr0087870	nemy-RB	0.007493	NOTEST	0.0003	NOTEST	2.370145	-2.243749	2.671355	-1.081792	8.053031	30.646290	6.423107	6.583821	4.554880	5.402255	1	1	1	1
FBtr0344755	Yeti-RB	0.049997	0.146814	0.0161	0.1359	0.796687	-0.825698	1.244623	0.970240	56.090294	19.247415	4.569123	5.940904	20.647700	16.131100	1	1	1	1
FBtr0100298	Dyb-RD	0.013672	NOTEST	0.0011	NOTEST	1.535278	-1.089472	2.050795	0.925885	36.445475	30.350169	21.113296	2.246787	6.554850	6.845750	1	1	1	1
FBtr0079218	slmo-RB	0.048499	0.155485	0.0151	0.1499	0.526914	-0.955974	0.964739	-0.477375	20.746379	68.229050	23.053083	0.840390	35.293700	38.047550	1	1	1	1
FBtr0082280	CG14687-RA	0.031642	NOTEST	0.0059	NOTEST	1.719569	-1.008094	4.520662	1.451341	3.074573	7.506973	3.575935	1.499254	137.802000	67.201300	1	0	1	1
FBtr0084017	meigo-RA	0.021654	NOTEST	0.0027	NOTEST	1.051417	0.036988	2.881902	0.950164	0.099383	2.474417	0.758481	1.048401	17.129150	21.231350	1	0	1	1
FBtr0347554	CG42238-RE	0.046794	NOTEST	0.0139	NOTEST	0.553427	-4.585591	1.536608	-1.862436	4.079486	7.377224	3.740732	0.061925	1.573735	1.688425	1	1	1	1
FBtr0071532	cpa-RA	0.022501	0.082957	0.0029	0.0447	1.472610	0.150504	1.697199	2.601250	8.886263	96.172563	5.498350	6.031738	33.609850	45.624950	1	0	1	1
FBtr0084629	Golgin84-RA	0.039267	NOTEST	0.0098	NOTEST	0.754513	-1.525128	0.939764	0.441863	7.323583	68.453828	23.423839	0.618642	5.025360	6.295305	1	0	1	1
FBtr0290300	sano-RE	0.047622	NOTEST	0.0145	NOTEST	0.771436	-2.549862	1.161915	-0.332501	18.354244	15.094463	7.010048	9.499496	2.885485	1.586355	1	1	1	1
FBtr0089964	Tm1-RG	0.040346	0.094267	0.0105	0.0581	1.022623	-0.031787	1.904215	1.616438	68.129485	87.726446	7.671730	6.324275	12.933850	10.052075	1	1	1	1
FBtr0306022	beta-Man-RD	0.047351	NOTEST	0.0143	NOTEST	0.696596	-1.025601	2.625426	0.477701	52.236314	0.071505	18.371233	0.636505	2.064350	3.888790	1	1	0	1
FBtr0083424	Keap1-RC	0.04638	0.122896	0.0136	0.0979	0.970970	-0.679553	2.155547	1.730032	36.731165	17.994802	3.570311	8.930408	4.773955	5.232770	1	1	1	1
FBtr0085409	Slbp-RA	0.03133	NOTEST	0.0058	NOTEST	1.189799	-1.638315	2.018876	-0.103432	9.714617	4.183503	0.641095	0.465690	3.675360	5.926680	1	1	1	1
FBtr0088568	Phax-RA	0.046479	0.130769	0.0137	0.11	0.743749	-0.682133	2.595265	0.068609	11.640263	63.494821	0.009476	2.880336	1.968715	2.428210	1	1	1	1
FBtr0331638	Cnot4-RK	0.048672	NOTEST	0.0152	NOTEST	0.074090	-3.023496	0.854981	-1.558430	46.565714	7.460631	16.596046	3.761623	4.141655	4.421715	1	1	1	1
FBtr0344874	Ekar-RD	0.047195	NOTEST	0.0141	NOTEST	0.611627	-5.543160	1.060242	-1.588031	15.340896	11.581534	21.074152	4.293247	2.103855	2.621405	1	1	1	0
FBtr0343286	Unc-89-RG	0.032781	0.141319	0.0063	0.1271	1.118716	-0.785385	2.277652	0.583423	1.298615	31.715835	0.595589	1.770000	1.306300	2.810075	1	1	1	1
FBtr0086214	GNBP-like3-RA	0.028773	0.076628	0.0048	0.0379	0.903945	0.179959	1.183435	1.139485	7.282117	44.970108	2.824943	4.415516	15.498800	48.126350	1	1	1	1
FBtr0308687	CG2765-RF	0.004004	NOTEST	0.0001	NOTEST	3.092215	-2.128476	3.953940	0.196494	9.033957	19.399403	7.230843	10.769530	57.505300	65.739750	1	0	1	1
FBtr0074333	CG4789-RA	0.040044	0.110711	0.0102	0.08	0.423989	-0.414286	0.623063	1.093626	5.918556	7.323446	23.536768	0.317152	5.687125	8.616325	1	1	1	1
FBtr0076843	lark-RC	0.040464	NOTEST	0.0106	NOTEST	0.986081	-2.951720	1.498760	-0.933385	25.751378	69.711609	0.403376	6.577643	5.764770	7.246080	1	1	1	1
FBtr0077519	Sec5-RA	0.035591	NOTEST	0.0076	NOTEST	0.353804	-1.125936	0.643291	0.788838	95.021502	2.529434	0.735097	1.274597	3.029025	3.954295	1	1	1	1
FBtr0072954	Pxn-RE	0.023063	NOTEST	0.0031	NOTEST	0.910893	-5.125033	2.673935	1.982019	87.045428	115.168546	19.519554	11.106736	5.217460	5.201685	1	1	1	1
FBtr0100532	Dhpr-RC	0.012521	0.109557	0.0009	0.078	1.885810	-0.407279	2.004974	1.115036	19.575597	2.526352	19.814103	0.531129	6.488955	7.240700	1	1	1	1
FBtr0083503	Prx3-RA	0.041496	0.147861	0.0111	0.138	0.565094	-0.809629	0.859893	2.261424	27.065262	84.001372	0.169244	2.162705	67.271150	69.356000	1	1	1	1
FBtr0100537	bocks-RB	0.014403	0.112257	0.0012	0.0822	1.323857	-0.303515	2.329441	1.202574	8.668570	5.202053	7.014853	5.586783	4.013040	7.847675	1	1	1	1
FBtr0080452	CG16820-RA	0.038318	NOTEST	0.0093	NOTEST	0.497597	-2.454040	2.461948	3.435432	16.044341	4.334830	9.563100	5.062162	7.928900	3.957070	1	1	1	1
FBtr0085571	CG9743-RA	0.004004	NOTEST	0.0001	NOTEST	2.372364	-2.789781	4.041835	3.063903	48.503350	31.494220	3.840967	0.888766	14.169250	20.037050	1	1	1	1
FBtr0076207	CG7839-RA	0.009138	0.10867	0.0005	0.0767	2.925462	-0.331966	3.439370	1.430782	20.248738	16.082913	20.156668	0.298495	3.268575	4.784030	1	1	1	1
FBtr0072036	Golgin245-RA	0.045639	0.102343	0.0132	0.0682	0.656182	-0.312480	0.814659	0.543416	17.650481	88.740026	22.771067	2.659529	13.257300	17.964400	1	1	1	1
FBtr0334870	Orct-RB	0.035093	NOTEST	0.0074	NOTEST	0.854237	-2.358425	1.874327	2.071779	74.308519	97.000205	4.095914	5.259345	17.771950	17.919850	1	1	1	1
FBtr0073235	Hexo1-RA	0.012983	0.144931	0.001	0.133	0.927932	-0.786035	3.784994	0.588178	14.269603	31.634963	21.246118	0.468960	15.236350	17.846800	1	1	1	1
FBtr0304161	Root-RD	0.022501	0.088809	0.0029	0.0519	1.654409	-0.021078	2.275928	0.429220	21.151798	22.396969	5.770827	6.659203	1.934560	1.440485	1	1	1	1
FBtr0335474	crol-RG	0.035093	NOTEST	0.0074	NOTEST	0.931073	-1.556498	2.478102	0.479394	17.808448	46.303612	9.856814	11.386243	13.563400	16.912300	1	1	1	1
FBtr0084878	CG5112-RA	0.037274	0.134448	0.0084	0.1158	1.006556	-0.668902	1.270480	1.172591	18.586076	87.702172	22.054330	0.975285	12.571200	16.155000	1	1	1	1
FBtr0335473	crol-RF	0.039267	NOTEST	0.0098	NOTEST	1.067303	-2.687201	1.462073	-0.396271	23.048789	29.950488	7.780574	11.229774	5.183385	2.934910	1	1	0	1
FBtr0073725	CG32645-RB	0.045639	0.119434	0.0132	0.0925	0.577445	-0.461426	2.757559	0.323988	1.194673	76.866000	1.604702	2.778440	3.032310	3.925930	1	1	1	1
FBtr0110922	Eip63E-RH	0.032253	NOTEST	0.0061	NOTEST	1.064194	-2.580417	1.359832	1.169721	31.094207	54.771650	1.385180	4.459302	5.250795	6.801875	1	1	0	1
FBtr0302113	CG17233-RD	0.022706	NOTEST	0.003	NOTEST	1.729327	-1.644398	2.239821	2.378508	48.443822	85.325583	0.162271	3.367672	1.648335	1.994685	1	1	1	1
FBtr0079001	Col4a1-RC	0.049564	NOTEST	0.0158	NOTEST	0.723290	-3.193378	2.686338	0.402208	11.169750	90.884958	4.780620	6.392750	1.825980	2.029940	1	1	0	0
FBtr0081374	La-RA	0.028219	NOTEST	0.0046	NOTEST	0.650103	-1.593889	2.882823	2.396435	2.202241	4.104414	23.218298	0.233801	12.201800	23.183800	1	0	1	1
FBtr0333220	Mkp3-RD	0.037648	0.154099	0.0087	0.148	0.958904	-0.907801	2.408354	1.486868	7.518571	8.069514	6.714773	6.299958	19.414800	15.515800	1	1	1	1
FBtr0333229	Gpdh1-RF	0.018307	NOTEST	0.002	NOTEST	1.206257	-0.014743	1.916417	1.595116	91.892832	55.343090	4.177662	6.197418	65.617700	49.980350	1	0	1	1
FBtr0335276	Src42A-RB	0.00999	0.108464	0.0006	0.0764	2.622639	-0.325516	3.074534	0.234822	28.211303	60.937857	4.683556	4.796768	2.109565	2.784280	1	1	1	1
FBtr0301660	tho2-RB	0.043827	NOTEST	0.0123	NOTEST	1.163052	-2.379880	4.587313	0.744973	34.087836	40.291051	1.978990	0.883373	9.686795	8.086190	1	1	1	1
FBtr0301914	ovo-RE	0.048215	0.144848	0.0148	0.1329	0.830781	-0.947021	1.054302	0.092206	93.894560	79.386584	8.584141	9.101229	5.029960	6.485275	1	0	1	1
FBtr0343377	Cdc7-RB	0.047472	NOTEST	0.0144	NOTEST	0.910224	-1.078047	5.304014	0.439210	12.915082	0.036184	5.417164	0.465926	4.826365	4.576600	1	1	1	1
FBtr0308916	CG3556-RB	0.047831	0.121048	0.0146	0.0952	0.778733	-0.541724	2.633888	2.753040	2.432341	3.370814	3.801884	3.667131	36.963700	28.612400	1	1	1	1
FBtr0079703	fu12-RA	0.046117	NOTEST	0.0134	NOTEST	0.771223	-5.319841	1.792663	0.469504	11.591122	1.069027	5.716063	1.733013	5.838370	10.005235	1	1	1	1
FBtr0082570	GstD3-RA	0.03291	NOTEST	0.0064	NOTEST	1.415453	-0.485564	1.915531	1.946330	18.985227	61.110253	5.411759	8.271855	12.281900	21.353000	1	0	1	1
FBtr0299929	sqa-RB	0.036656	0.119511	0.0081	0.0926	1.064147	-0.473930	1.585495	1.127239	2.421001	4.781177	2.349251	0.530269	7.235565	11.953500	1	1	1	1
FBtr0073188	CG32264-RB	0.034291	NOTEST	0.0071	NOTEST	0.021149	-3.659640	4.147045	0.746106	11.355617	16.335584	8.218818	9.872564	18.954950	14.525850	1	1	1	1
FBtr0343137	CG44774-RC	0.023905	NOTEST	0.0034	NOTEST	1.255871	-6.735182	1.428994	-2.639725	36.974050	60.369217	2.740920	6.355004	9.302970	15.052400	1	1	1	1
FBtr0100023	capt-RB	0.032781	NOTEST	0.0063	NOTEST	0.677838	-1.677774	0.991590	0.422924	11.898432	60.049014	1.723333	4.423008	4.462525	4.016750	1	1	1	1
FBtr0084702	sosie-RA	0.018893	0.155916	0.0021	0.1506	0.944009	-0.924313	3.400295	-0.032592	0.004032	72.457035	0.133427	4.376420	16.838700	9.999600	1	0	1	1
FBtr0084461	CG10208-RA	0.0411	NOTEST	0.0109	NOTEST	0.984558	-1.860430	1.042389	-0.720248	19.198214	36.108492	21.887216	2.595945	5.426420	9.048880	1	1	1	1
FBtr0330315	MTA1-like-RD	0.039427	NOTEST	0.0099	NOTEST	0.060554	-1.485154	0.678427	-1.215236	11.924858	1.093249	20.093419	0.865192	1.345620	1.387320	1	1	0	1
FBtr0343486	pio-RE	0.031642	NOTEST	0.0059	NOTEST	1.184806	-1.885266	3.214407	-1.670454	5.689984	4.314759	5.650366	4.932889	24.810950	23.757700	1	1	1	1
FBtr0078060	shv-RA	0.048415	0.087838	0.015	0.0505	0.815905	-0.009503	1.176148	0.788517	20.442127	72.972106	23.293758	0.250219	12.179500	15.943850	1	0	1	1
FBtr0074748	Zw-RA	0.028909	NOTEST	0.0049	NOTEST	0.865921	-2.918580	2.478001	1.111983	56.578020	80.952588	7.706904	10.003488	4.944775	7.514545	1	1	1	1
FBtr0346579	vri-RF	0.040464	0.082765	0.0106	0.0445	0.884927	0.155687	1.140040	1.106887	94.384963	105.614004	11.788140	9.570301	4.111540	11.481140	1	1	1	1
FBtr0082870	CG9922-RA	0.031077	0.088719	0.0057	0.0517	1.242161	0.038540	1.346288	0.786846	0.801111	10.615182	23.811203	1.096301	11.970350	14.042000	1	1	1	1
FBtr0076888	CG14830-RA	0.009138	0.088533	0.0005	0.0514	1.777742	-0.103805	2.369090	0.355818	36.776597	46.537912	2.813901	3.114994	9.664125	13.107500	1	1	1	1
FBtr0081501	E2f2-RA	0.0	NOTEST	0.0	NOTEST	3.149928	1.427496	3.797828	1.719267	2.691444	18.839200	22.219827	0.296473	9.376890	11.112150	1	0	1	1
FBtr0087268	CG8314-RA	0.031884	NOTEST	0.006	NOTEST	0.433681	-1.623802	1.224656	1.917808	50.523953	60.230526	16.560004	1.844725	4.334005	6.055165	1	1	1	1
FBtr0302160	fu12-RC	0.043228	NOTEST	0.012	NOTEST	1.198151	-1.839791	1.480617	-1.481021	23.264495	102.626883	10.006217	10.859265	1.029702	1.351220	1	1	1	1
FBtr0339103	CG44249-RA	0.042346	NOTEST	0.0114	NOTEST	1.038529	-2.849938	1.796554	0.897890	22.859409	94.673764	22.498909	3.211720	1.420430	1.801945	1	1	1	1
FBtr0392910	CG5071-RD	0.034839	NOTEST	0.0073	NOTEST	-0.147247	-0.295571	6.066160	1.767964	74.030069	99.119515	4.118623	6.344625	7.356625	6.332490	1	0	1	1
FBtr0301484	Octbeta1R-RC	0.0	NOTEST	0.0	NOTEST	3.182866	-0.550650	4.096836	0.087006	19.634627	38.690751	0.813221	2.259124	1.133920	0.768490	1	0	1	1
FBtr0100482	Pglym78-RB	0.039615	NOTEST	0.01	NOTEST	0.937904	-4.571895	3.175080	1.548451	6.147554	6.091988	6.031175	4.724869	36.887350	31.488550	1	1	1	1
FBtr0086225	CG9945-RB	0.048038	NOTEST	0.0147	NOTEST	0.658368	-2.335178	2.931764	1.814396	0.720360	0.826026	1.470187	1.445785	4.635085	6.639575	1	1	1	1
FBtr0343641	Ance-3-RC	0.04544	NOTEST	0.0129	NOTEST	0.506293	-2.556022	2.381635	-1.082786	7.397220	22.756607	6.560094	9.179823	1.549085	3.235550	1	1	1	1
FBtr0080738	lace-RA	0.028909	NOTEST	0.0049	NOTEST	1.231745	-1.145953	2.549845	0.051169	57.383758	92.527214	6.113728	11.560749	8.919190	7.823565	1	1	1	1
FBtr0072965	CG16758-RE	0.037495	NOTEST	0.0086	NOTEST	1.095731	-2.397602	2.252061	-0.302104	43.029719	31.158146	2.061716	1.381034	3.032465	5.969250	1	1	1	1
FBtr0082943	HEATR2-RA	0.042794	NOTEST	0.0117	NOTEST	0.603565	-1.179071	1.664397	0.291143	86.637481	82.444487	5.420723	8.053491	4.294210	5.826465	1	0	1	1
FBtr0081356	RtGEF-RA	0.017516	NOTEST	0.0018	NOTEST	1.443898	-4.699874	1.808610	-0.011009	44.828738	53.615597	3.612659	4.800255	10.364650	11.857850	1	1	1	1
FBtr0085867	CG11550-RA	0.039136	0.151644	0.0097	0.1437	0.940170	-0.822613	2.614262	0.745632	4.396833	70.490342	4.697479	0.167055	48.719700	46.356950	1	1	1	1
FBtr0074446	CG8675-RA	0.035982	NOTEST	0.0078	NOTEST	1.100302	-2.104736	2.846248	-1.034871	8.592533	15.233889	22.317179	1.470899	6.755770	7.418390	1	1	1	1
FBtr0081932	CG9821-RA	0.042794	NOTEST	0.0117	NOTEST	0.935791	-4.436797	3.271757	1.342912	25.781412	16.648943	9.411349	8.604091	42.039150	55.097600	1	1	1	1
FBtr0086136	l(2)01289-RA	0.034078	NOTEST	0.0069	NOTEST	0.966892	-1.501010	2.910284	-0.972334	9.146716	38.239638	7.142412	2.956373	16.514600	15.797400	1	1	1	1
FBtr0331400	CG13722-RB	0.018021	NOTEST	0.0019	NOTEST	2.097136	-0.133167	4.045612	1.194232	3.308149	16.200918	3.740504	4.849878	1.677295	0.686683	1	0	1	1
FBtr0329947	NLaz-RB	0.042507	NOTEST	0.0115	NOTEST	0.276037	-2.027821	1.688391	2.698807	8.259779	99.259219	6.794700	11.125868	37.516350	55.862200	1	1	1	1
FBtr0072131	CG5597-RA	0.033871	NOTEST	0.0068	NOTEST	0.823136	-2.197704	1.398452	-0.501512	25.715233	35.432663	0.029148	0.834706	85.372800	128.046000	1	0	1	1
FBtr0073438	CG15202-RA	0.040287	0.094789	0.0104	0.0588	0.982185	-0.231549	1.267748	0.813126	24.459802	0.961419	23.519490	2.315875	5.815485	5.115410	1	1	1	1
FBtr0302498	CG18659-RD	0.006281	NOTEST	0.0002	NOTEST	2.664403	-0.994168	3.945136	-0.431606	25.183399	35.925093	2.209888	2.386314	14.934750	18.811200	1	0	1	1
FBtr0083237	CG10407-RA	0.011853	0.159886	0.0008	0.1572	2.206628	-0.932734	2.665718	0.887932	38.049836	5.823997	1.691656	2.173850	5.128545	2.586610	1	1	1	1
FBtr0339440	Pfrx-RN	0.035344	NOTEST	0.0075	NOTEST	1.096856	-1.491442	2.918449	-1.461512	73.720889	17.540216	8.961581	8.595412	13.702300	15.890100	1	1	1	1
FBtr0333218	Pdk1-RJ	0.020077	0.094679	0.0024	0.0587	1.289345	-0.216815	1.524552	1.798152	32.884569	17.931726	9.828949	10.067030	12.493100	13.580700	1	1	1	1
FBtr0332993	Hers-RI	0.028773	NOTEST	0.0048	NOTEST	0.618110	-2.240931	0.690050	-1.259987	26.446160	57.694134	0.576324	7.837502	1.189920	0.994723	1	0	1	1
FBtr0346308	Fpgs-RB	0.048301	NOTEST	0.0149	NOTEST	0.184576	-2.758716	0.314237	-0.081216	44.886680	6.358740	17.120738	3.804458	2.529865	3.660690	1	1	1	1
FBtr0333855	CG8336-RD	0.008325	NOTEST	0.0004	NOTEST	2.618261	-1.034992	4.327454	-0.234323	1.046968	57.173347	22.086866	1.070788	4.559270	6.427755	1	1	1	1
FBtr0079638	CG8475-RA	0.037274	NOTEST	0.0084	NOTEST	1.155578	-3.550364	3.111756	0.196588	26.837908	77.373617	0.564377	6.923616	22.166750	20.460450	1	1	1	1
FBtr0088879	CG2915-RA	0.021654	NOTEST	0.0027	NOTEST	1.001862	-1.332801	1.610208	0.497640	16.960277	88.673784	0.363215	5.389242	5.133330	7.833990	1	1	1	1
FBtr0331532	CG14109-RB	0.011853	NOTEST	0.0008	NOTEST	1.847099	-2.341174	3.594248	-1.308082	17.744061	22.843006	22.044231	0.250791	6.755755	11.423050	1	1	1	1
FBtr0083136	CG31344-RA	0.030085	NOTEST	0.0053	NOTEST	0.948766	-3.057328	1.112254	-0.440907	28.822637	94.888249	21.536278	4.432993	10.958350	14.138150	1	0	1	1
FBtr0081424	CG31676-RA	0.036266	0.109557	0.008	0.078	0.959884	-0.353336	1.058442	0.520653	2.048683	42.599846	1.276856	2.033283	48.450950	62.814600	1	1	1	1
FBtr0100058	NimB3-RA	0.00999	NOTEST	0.0006	NOTEST	2.047073	-3.879551	2.660680	-0.256538	9.805697	3.901437	0.345758	3.894538	12.082700	17.384550	1	1	1	1
FBtr0076622	GstO3-RA	0.008325	NOTEST	0.0004	NOTEST	2.531253	-1.089425	4.013570	-0.910256	19.094129	84.318912	2.422966	3.352828	36.538900	61.300600	1	0	1	1
FBtr0336462	Karybeta3-RB	0.028773	NOTEST	0.0048	NOTEST	0.962124	0.925541	1.953577	1.969124	9.920671	25.594095	19.595529	0.052737	69.448850	86.949350	1	0	1	1
FBtr0334310	Lerp-RE	0.03366	NOTEST	0.0067	NOTEST	0.851315	-4.081150	1.631130	-2.269127	112.376299	82.107255	10.489643	11.608179	3.734365	4.669505	1	1	1	1
FBtr0071313	Dsor1-RA	0.033382	NOTEST	0.0066	NOTEST	0.838371	-2.357650	1.189513	0.966725	21.736246	1.882262	11.221303	3.360384	1.987335	3.056735	1	1	1	1
FBtr0333914	CG17698-RF	0.038092	0.098403	0.0091	0.0633	0.983639	-0.394585	1.632335	0.963018	18.967606	6.080845	21.892310	0.221374	12.342450	10.810050	1	1	1	1
FBtr0085360	CG11837-RA	0.023905	NOTEST	0.0034	NOTEST	1.721374	-2.568674	2.308278	-1.246044	44.380591	87.396178	0.073130	2.410215	7.663350	9.719920	1	1	1	1
FBtr0089188	apolpp-RA	0.026062	NOTEST	0.004	NOTEST	1.746946	-1.203580	2.375420	-0.042687	24.733436	86.821683	11.733810	10.823701	1654.830000	2344.735000	1	1	1	1
FBtr0331621	CG13272-RB	0.0	NOTEST	0.0	NOTEST	2.172086	0.837967	3.437639	1.534941	0.044017	0.096030	0.110261	0.471005	1.173420	0.182752	1	0	1	1
FBtr0084326	CG4813-RA	0.049997	0.083294	0.0161	0.0452	0.696044	0.058909	2.317653	1.413501	37.367590	75.422396	1.315444	2.847647	1.706260	2.195085	1	1	1	1
FBtr0082061	CG8149-RA	0.008325	NOTEST	0.0004	NOTEST	1.657402	-1.494026	1.757258	-0.223101	27.868421	14.120050	23.604874	2.116217	7.595470	9.530635	1	1	1	1
FBtr0345640	LeuRS-RB	0.047622	NOTEST	0.0145	NOTEST	0.976584	-1.584550	3.383688	-0.678639	50.597714	30.217700	0.670021	1.119837	11.403450	17.373100	1	0	1	1
FBtr0087460	Ciao1-RA	0.018893	0.137231	0.0021	0.1199	1.851274	-0.721265	2.147117	0.356076	57.125490	66.482974	22.564800	1.603790	9.627030	12.367700	1	1	1	1
FBtr0073439	CG15201-RA	0.009138	0.07788	0.0005	0.0394	1.466515	0.127107	1.642481	0.344796	0.328114	1.226878	0.548289	2.579291	340.788000	329.861500	1	1	1	1
FBtr0082596	Scgbeta-RA	0.030324	0.123507	0.0054	0.0989	1.622561	-0.528858	2.241530	2.851604	12.513461	1.271827	23.123805	1.162748	5.584835	4.671490	1	1	1	1
FBtr0073434	Hsp60A-RA	0.038318	NOTEST	0.0093	NOTEST	0.612212	0.125086	0.899432	0.308719	21.299948	70.055399	23.730437	0.557248	45.912200	63.058250	1	0	1	1
FBtr0089771	tinc-RA	0.00999	0.084156	0.0006	0.0462	1.942655	-0.081685	3.273573	0.587832	1.448902	4.272788	1.860772	1.647573	2.389315	4.057240	1	1	1	1
FBtr0112788	Lrrk-RB	0.013672	NOTEST	0.0011	NOTEST	1.919281	-1.948499	2.554850	-0.264897	44.703276	25.272638	2.296729	0.006307	6.208845	5.877735	1	1	1	1
FBtr0073942	NetA-RA	0.043649	0.145898	0.0122	0.1343	1.200578	-0.835212	5.285112	1.007515	70.765798	64.377019	7.739177	6.692130	1.943200	1.472300	1	1	1	1
FBtr0342919	CG17321-RB	0.037946	NOTEST	0.009	NOTEST	0.846411	-1.139209	1.211500	0.026770	57.746392	16.426912	6.564804	8.874446	20.873500	14.597150	1	1	1	1
FBtr0079840	Trx-2-RA	0.014986	NOTEST	0.0013	NOTEST	1.767768	0.793977	2.179541	3.106512	3.613768	4.274925	4.485536	4.139366	112.479500	165.039000	1	0	1	1
