geneID	symbol	yQvalue	oQvalue	yPvalue	oPvalue	yRP24	oRP24	ySP	oSP	yPVEC	oPVEC	yPhase	oPhase	yMedian	oMedian	yDetectable	oDetectable	yNonZero	oNonzero
FBtr0074083	CG8191-RA	0.019809	NOTEST	0.0023	NOTEST	1.185107	-2.629007	1.568039	1.590921	27.606983	24.391406	23.670804	21.218645	1.532080	2.252515	1	1	1	1
FBtr0081643	Ufl1-RA	0.025698	NOTEST	0.0039	NOTEST	0.863735	-1.631187	1.264465	0.729112	72.541182	0.960330	3.683609	22.647339	5.136250	6.344415	1	1	1	1
FBtr0072025	CG9812-RB	0.047318	NOTEST	0.0142	NOTEST	0.725654	-1.040382	1.627807	0.496347	41.023677	21.414238	1.823693	23.205843	56.153000	81.169650	1	1	1	1
FBtr0085501	CG31036-RA	0.039615	0.104255	0.01	0.071	1.113485	-0.270588	1.507051	0.074720	19.479832	24.805634	20.160450	20.610894	2.856985	2.929770	1	1	1	1
FBtr0081162	AsnRS-RA	0.040287	NOTEST	0.0104	NOTEST	1.068807	-4.744693	1.972421	-1.024746	65.703833	6.425048	1.135426	15.102528	24.129950	29.913900	1	0	1	1
FBtr0085460	Kul-RA	0.045864	0.146368	0.0133	0.135	0.754286	-0.822112	1.755554	0.401096	23.751455	7.339222	21.510561	18.617838	17.836050	16.117950	1	1	1	1
FBtr0075875	CG11267-RA	0.025698	NOTEST	0.0039	NOTEST	0.683213	-3.593601	0.975899	-1.251918	17.435818	5.415301	23.011851	17.561962	94.381150	109.567000	1	1	1	1
FBtr0085462	Obp99b-RA	0.038318	NOTEST	0.0093	NOTEST	-0.208620	-5.916590	2.327068	-0.689708	49.071207	42.702547	15.557005	14.957239	1.390685	0.861434	1	0	1	1
FBtr0085508	eIF2Balpha-RA	0.02539	NOTEST	0.0038	NOTEST	1.252153	-1.407146	2.476628	-1.283941	34.473415	8.844600	22.140293	16.734212	13.137500	18.253350	1	0	1	1
FBtr0075975	CG10657-RA	0.045609	NOTEST	0.013	NOTEST	0.407083	-1.076657	1.294415	1.578951	2.099235	7.155482	22.344815	21.531060	7.926610	9.391670	1	1	1	1
FBtr0085757	CG1542-RA	0.014986	0.102096	0.0013	0.0679	1.915923	-0.245716	3.361762	1.057871	18.307573	18.287463	22.391906	21.903576	15.284150	19.278900	1	1	1	1
FBtr0300028	CG34242-RB	0.006281	0.079226	0.0002	0.0407	2.100172	0.118593	5.113171	1.433206	15.192429	12.166954	21.545896	20.304513	82.656700	84.304150	1	1	1	1
FBtr0343583	l(1)G0196-RP	0.0	0.09523	0.0	0.0592	1.692279	-0.256779	5.425614	1.977289	11.529188	8.022159	20.315422	18.917758	4.254365	3.548210	1	1	1	1
FBtr0340240	Akap200-RF	0.045609	NOTEST	0.013	NOTEST	-0.353874	-1.143484	0.574307	-0.059479	40.324132	34.668060	15.197536	15.776632	31.036950	45.578700	1	1	1	1
FBtr0336666	Trap1-RB	0.04087	0.088764	0.0108	0.0518	0.644515	-0.242985	1.094760	-0.065589	14.058034	26.610817	20.886767	19.136853	9.758055	12.087150	1	1	1	1
FBtr0086274	RpS18-RA	0.048038	NOTEST	0.0147	NOTEST	-0.227881	-2.889873	2.529336	2.708531	12.913485	6.917692	20.670289	18.435489	485.351500	497.730000	1	1	1	0
FBtr0089975	sdt-RD	0.014403	0.09704	0.0012	0.0616	2.538139	-0.310571	4.055465	1.164624	9.559842	17.114516	20.138919	21.419728	10.700845	10.267850	1	1	1	1
FBtr0083560	CG14314-RA	0.008325	0.09011	0.0004	0.0532	2.312259	-0.010291	4.045450	0.307082	5.456842	31.047734	22.470965	22.250039	5.764305	5.300165	1	1	1	1
FBtr0072117	bw-RA	0.012521	NOTEST	0.0009	NOTEST	1.963185	-1.914702	3.884932	1.878697	18.244615	5.488489	22.094151	18.397484	7.497595	15.892100	1	1	1	1
FBtr0088264	Galphao-RB	0.039615	0.131457	0.01	0.1113	0.624849	-0.706279	0.681374	0.581963	16.717864	13.741867	20.760678	22.775639	9.585040	9.578180	1	1	1	1
FBtr0112920	RhoGAP1A-RB	0.034122	0.125003	0.007	0.1012	1.047118	-0.516023	4.118646	0.537973	56.588507	4.346442	17.364578	23.266429	7.045600	10.087850	1	1	1	1
FBtr0087675	Roe1-RA	0.026354	NOTEST	0.0041	NOTEST	1.384759	-0.451235	1.586537	1.282430	15.295214	10.011755	21.522199	23.530272	8.100135	11.773850	1	0	1	1
FBtr0079263	CG9547-RA	0.014986	NOTEST	0.0013	NOTEST	0.984966	-1.453395	2.600650	1.371096	7.003826	20.194401	18.481126	21.036624	6.259430	9.306315	1	1	1	1
FBtr0079264	Phf5a-RA	0.017147	0.108684	0.0017	0.0768	1.409463	-0.257752	2.603676	-0.183746	1.930845	42.807934	22.244844	21.966117	13.372350	20.499650	1	1	1	1
FBtr0074978	CG9452-RA	0.040044	0.091743	0.0102	0.0554	0.950732	-0.066756	2.304862	1.854964	6.310018	14.276344	22.988943	20.201142	1.098515	1.478125	1	1	1	1
FBtr0301677	sn-RE	0.030526	0.138063	0.0055	0.1215	0.338625	-0.783935	3.970909	3.362744	10.461154	9.828319	19.920380	19.593414	2.096665	4.365840	1	1	0	0
FBtr0300379	CaMKII-RJ	0.009138	0.108464	0.0005	0.0765	2.311701	-0.274311	3.076310	0.498123	17.572275	3.745496	22.228504	21.919057	38.488250	21.564700	1	1	1	1
FBtr0074971	CG14100-RA	0.008325	0.07788	0.0004	0.0394	2.669707	0.261528	2.893210	2.903455	80.388986	1.900547	22.091110	20.630029	4.897225	6.308135	1	1	1	1
FBtr0308841	l(2)01289-RL	0.046577	NOTEST	0.0138	NOTEST	0.263295	-1.733230	0.608938	-1.022842	14.592396	93.375875	19.375163	16.780460	7.932925	6.623510	1	1	1	1
FBtr0300680	ND-B12-RE	0.030324	0.124497	0.0054	0.1005	1.064027	-0.579670	1.297274	1.512983	18.520053	0.474264	22.524514	23.882131	27.430650	27.440050	1	1	1	1
FBtr0299893	Pka-R1-RO	0.029395	NOTEST	0.0051	NOTEST	0.848964	-2.056729	2.140384	-1.825005	10.714529	67.023829	5.836068	13.673790	1.827245	2.269720	1	1	1	1
FBtr0111146	mRpS5-RA	0.009138	0.147171	0.0005	0.1365	1.039565	-0.810665	1.698190	1.024740	15.393054	3.098072	21.343026	19.755095	17.880300	17.631800	1	1	1	1
FBtr0113290	CG5028-RC	0.016684	NOTEST	0.0016	NOTEST	0.453024	-1.323098	1.952832	0.753549	13.112328	9.374820	20.856241	19.338467	96.972150	111.350500	1	1	1	1
FBtr0070459	tko-RB	0.007493	0.118746	0.0003	0.091	2.028025	-0.520390	2.773409	1.669693	17.394961	19.250090	22.107150	22.713292	43.315250	46.943350	1	1	1	1
FBtr0472695	CG46339-RA	0.016684	NOTEST	0.0016	NOTEST	1.263533	-2.948013	3.076676	-1.505715	9.003421	17.941513	7.179881	14.006218	14.531800	13.534550	1	1	1	1
FBtr0080693	DCTN5-p25-RA	0.038236	0.077452	0.0092	0.0389	1.256162	0.195862	1.450327	2.444717	21.257316	7.107942	21.856888	20.191985	11.302000	14.330000	1	1	1	1
FBtr0072755	ABCB7-RB	0.040756	0.13279	0.0107	0.1134	0.811086	-0.646262	1.932632	-0.238885	19.525286	52.253142	22.068303	23.062599	8.725685	8.746900	1	1	1	1
FBtr0309276	nwk-RB	0.049033	NOTEST	0.0155	NOTEST	0.559104	-8.016964	0.647756	-5.943267	12.771479	18.148059	23.689698	23.274460	12.681450	7.569120	1	1	1	1
FBtr0308245	CG3376-RC	0.016056	0.156497	0.0015	0.1515	1.113343	-0.888300	1.725047	1.712709	14.650449	9.420557	19.454354	19.133443	7.914855	10.764450	1	1	1	1
FBtr0080982	Sgt-RA	0.045639	0.126673	0.0131	0.1039	0.605444	-0.536922	0.668532	0.541088	46.607861	4.641614	20.424953	23.937358	13.371100	18.641250	1	0	1	1
FBtr0070378	csw-RA	0.035093	NOTEST	0.0074	NOTEST	1.102997	-1.521316	2.201265	0.903446	8.898094	24.987118	18.517398	22.774795	5.639485	8.864170	1	1	1	1
FBtr0075274	CG7728-RA	0.020077	0.10354	0.0024	0.0701	1.379194	-0.280280	1.923869	1.295351	17.117094	71.616991	21.188354	23.535360	2.910295	4.374755	1	1	1	1
FBtr0084399	fzo-RA	0.042794	0.107263	0.0116	0.0751	1.092960	-0.284133	3.064752	3.378591	1.752262	1.775628	15.221511	15.258107	1.380820	2.269745	1	1	1	1
FBtr0301016	CG33203-RD	0.038686	NOTEST	0.0095	NOTEST	0.855692	-2.012980	0.996819	-1.033543	13.535238	3.385338	15.007092	19.682271	18.536450	22.959300	1	1	1	1
FBtr0330300	CG11873-RC	0.046794	NOTEST	0.0139	NOTEST	0.787457	-1.877143	1.839728	0.581392	2.162577	101.559275	15.252679	16.880186	4.232900	4.288350	1	1	1	1
FBtr0076006	CG32100-RA	0.03291	NOTEST	0.0064	NOTEST	0.981723	-2.262246	1.653702	-0.254914	87.402066	77.236801	19.700478	20.040785	3.824545	3.920045	1	0	1	1
FBtr0071058	CG11368-RA	0.006281	0.103733	0.0002	0.0703	1.514946	-0.207237	2.499651	2.016323	0.325453	3.301659	0.731229	20.537166	798.306000	650.428500	1	1	1	1
FBtr0472670	mIF3-RC	0.047195	NOTEST	0.0141	NOTEST	0.639519	-6.600201	0.841316	2.140687	95.832078	10.062671	23.102549	19.620467	10.608850	11.664200	1	1	1	1
FBtr0331664	Ndae1-RJ	0.0	0.159647	0.0	0.1567	2.344171	-0.982414	6.832345	2.814290	12.396977	14.279084	20.622736	21.032399	8.849905	6.015140	1	1	1	1
FBtr0087581	CG13018-RA	0.031642	NOTEST	0.0059	NOTEST	0.913695	-2.443730	1.061282	0.534806	1.824170	4.438190	20.786757	21.243144	7.641640	11.931200	1	1	1	1
FBtr0331547	CG6084-RD	0.034122	0.142172	0.007	0.1285	0.682436	-0.740075	4.544120	1.985564	1.512681	2.168953	0.560398	21.698288	23.179250	22.757950	1	1	1	1
FBtr0310323	CG13185-RD	0.004004	NOTEST	0.0001	NOTEST	1.711097	-0.742536	2.543717	1.343509	50.759305	13.276534	19.283177	20.773643	6.199630	7.277800	1	0	1	1
FBtr0331542	CG18178-RB	0.039615	NOTEST	0.01	NOTEST	0.785601	-2.175913	2.526186	-0.200600	11.663177	1.732857	23.760462	22.887975	3.867420	5.226765	1	1	1	1
FBtr0084038	r-l-RA	0.038092	0.11384	0.0091	0.0844	0.429276	-0.480503	2.571196	0.645038	30.365105	76.606901	18.113951	19.748220	2.771715	3.093330	1	1	1	1
FBtr0344535	CG45089-RA	0.024912	0.158603	0.0037	0.1552	1.154028	-0.888651	1.888727	2.330389	45.371927	1.919580	2.113407	23.965565	45.100450	64.464600	1	1	1	1
FBtr0089734	r-RA	0.00999	NOTEST	0.0006	NOTEST	2.226534	-4.680909	3.694181	0.174112	5.275462	4.148162	16.968438	16.865853	1.444540	1.754270	1	1	1	1
FBtr0072470	Pdk1-RB	0.035867	0.120644	0.0077	0.0943	1.236206	-0.599130	2.010653	0.421114	50.910018	20.582980	11.648989	13.004694	16.760550	22.018850	1	1	1	1
FBtr0083781	Nup58-RA	0.046577	NOTEST	0.0138	NOTEST	0.704603	-3.002753	0.778184	0.972866	1.797533	11.904200	12.595843	15.568938	3.888110	6.082705	1	1	1	1
FBtr0075055	Atg3-RA	0.029042	0.090212	0.005	0.0535	1.197426	-0.392329	1.893210	2.919430	2.860443	1.050879	21.650992	22.900492	9.930235	12.347100	1	1	1	1
FBtr0089941	scf-RB	0.010993	NOTEST	0.0007	NOTEST	1.132638	-6.667777	1.984973	0.112070	5.993062	103.730420	17.874435	17.541924	24.550900	28.123800	1	1	1	1
FBtr0330233	jbug-RM	0.012983	0.104783	0.001	0.0719	1.898415	-0.300709	2.690133	1.120632	22.166609	13.122202	23.151613	20.562812	9.058110	13.029750	1	1	1	1
FBtr0076137	CG6083-RA	0.020077	NOTEST	0.0024	NOTEST	1.495873	-1.328863	2.467558	1.899559	32.066740	22.502187	22.898076	22.068916	9.226435	6.770750	1	0	1	1
FBtr0299616	CG42272-RC	0.028433	NOTEST	0.0047	NOTEST	1.529594	1.304606	3.481730	2.410069	21.132267	17.125999	23.258122	21.078703	1.056853	0.946704	1	0	1	1
FBtr0331712	Pdcd4-RD	0.028773	NOTEST	0.0048	NOTEST	0.116276	-2.297179	1.783982	2.062877	12.872539	1.679472	20.784731	15.034975	19.323100	19.999150	1	1	1	1
FBtr0331716	rdgB-RI	0.023613	NOTEST	0.0033	NOTEST	1.704986	-2.928346	1.941908	1.000154	16.845807	9.976167	21.285931	19.373878	160.329000	141.110000	1	1	1	1
FBtr0080331	ThrRS-RB	0.011853	NOTEST	0.0008	NOTEST	1.117470	-2.600822	2.898359	3.586075	12.894025	5.576296	20.709457	17.775620	25.469400	32.423050	1	1	1	1
FBtr0076822	CG7506-RA	0.030324	NOTEST	0.0054	NOTEST	0.881652	-3.442695	2.684106	0.478784	21.937687	15.059514	21.156491	17.870250	11.429800	18.085050	1	0	1	1
FBtr0073407	CG1637-RC	0.047195	0.104739	0.0141	0.0718	0.379937	-0.253959	2.159449	1.084298	10.587280	3.401925	19.813601	19.498377	18.476400	25.990750	1	1	1	1
FBtr0076433	PGRP-LA-RC	0.042507	NOTEST	0.0115	NOTEST	0.842392	-1.431182	1.115916	0.895338	57.160366	67.184069	3.802918	22.300113	5.264145	4.769290	1	1	1	1
FBtr0073151	Scsalpha-RA	0.048843	NOTEST	0.0153	NOTEST	0.497077	-5.094785	2.443486	1.063260	12.156798	0.164485	20.540389	23.214482	79.883450	83.096750	1	0	1	1
FBtr0333065	jeb-RB	0.031077	0.076005	0.0057	0.0372	1.322094	-0.102572	2.456618	1.788606	93.787348	0.024453	9.567403	12.360758	32.261800	35.400450	1	1	1	1
FBtr0346633	fdl-RF	0.037648	0.081953	0.0088	0.0436	1.108671	0.291506	1.502922	2.285066	17.877092	4.117844	20.400321	20.233406	15.220150	15.228950	1	1	1	1
FBtr0083642	fru-RC	0.011853	NOTEST	0.0008	NOTEST	2.092770	-2.331607	2.300103	1.644095	22.420780	16.016860	19.743371	20.649062	9.500130	2.850615	1	1	1	1
FBtr0081223	fon-RA	0.04701	NOTEST	0.014	NOTEST	0.973982	-3.631460	1.563438	-0.489490	12.458206	1.041512	1.968061	23.989027	30.725450	18.658450	1	1	1	1
FBtr0085551	Tace-RA	0.020585	NOTEST	0.0025	NOTEST	1.239449	-2.452523	2.380274	-0.040732	1.057264	13.388418	23.869527	23.034095	14.229350	9.149760	1	1	1	1
FBtr0071832	CG4752-RA	0.026062	NOTEST	0.004	NOTEST	0.911723	-1.215528	2.823071	2.752427	8.224640	5.473876	19.017806	17.043073	9.784655	14.085700	1	1	1	1
FBtr0086674	GstE6-RA	0.028433	NOTEST	0.0047	NOTEST	1.352557	-0.704217	1.712996	0.342008	44.930510	4.605786	4.303219	16.125426	59.254300	140.929500	1	0	1	1
FBtr0070119	Mybbp1A-RA	0.017147	0.11776	0.0017	0.0895	1.722022	-0.391135	3.159639	2.944436	8.127507	17.952856	21.884475	20.498239	2.095170	2.776655	1	1	1	1
FBtr0334852	CG44085-RD	0.045639	0.157152	0.0132	0.1525	-0.549916	-0.893424	1.122207	2.048569	12.683668	82.611304	20.661622	22.772742	4.909550	7.871020	1	1	1	1
FBtr0332212	qtc-RI	0.049033	0.159647	0.0155	0.1567	0.743231	-0.940573	1.425147	0.621993	37.991304	92.336093	1.215242	21.854341	4.733245	5.775200	1	1	1	1
FBtr0074432	CG5613-RB	0.047472	NOTEST	0.0144	NOTEST	0.992714	-1.520024	1.044773	0.920044	55.561257	8.138904	5.596268	18.673046	2.156805	2.867360	1	1	1	1
FBtr0110942	CG16863-RB	0.037176	NOTEST	0.0083	NOTEST	1.044268	-1.612768	3.739824	-0.702028	1.417240	21.576344	21.576175	16.782613	1.606460	1.867775	1	1	1	1
FBtr0083000	UQCR-C1-RA	0.0411	0.103071	0.0109	0.0692	0.242126	-0.223964	0.457395	1.171420	20.601357	92.587939	21.984175	23.270134	196.971500	218.201000	1	0	1	1
FBtr0304964	Cam-RD	0.04544	0.079344	0.0129	0.0408	0.285993	0.140012	3.278366	1.550509	9.444668	87.083736	19.501669	20.677821	12.772770	139.119000	1	1	0	1
FBtr0079349	SA-RA	0.036656	0.081833	0.0081	0.0434	0.131068	-0.267839	3.302292	3.498172	10.136212	12.919719	19.737758	20.640589	13.566450	16.894000	1	1	1	1
FBtr0337015	CG14882-RB	0.013672	NOTEST	0.0011	NOTEST	2.483557	-2.219971	3.390644	1.628097	7.358081	4.942260	19.937924	19.803231	2.953075	2.885730	1	1	1	1
FBtr0087744	GstE14-RA	0.014986	0.100896	0.0013	0.0668	1.104069	-0.289472	2.237055	0.015459	8.463866	64.739609	20.693206	22.666726	17.336650	14.595750	1	0	1	1
FBtr0072084	mRpL43-RA	0.035344	NOTEST	0.0075	NOTEST	0.976986	-1.172463	1.576105	1.836862	47.407950	21.491583	22.620456	21.869683	3.821360	4.247580	1	1	1	1
FBtr0071280	l(1)G0020-RA	0.027998	NOTEST	0.0045	NOTEST	1.401382	-2.758903	1.782791	-1.630816	59.786649	26.334601	21.759180	23.322721	1.973215	2.397045	1	1	1	1
FBtr0075338	Rh4-RA	0.048415	NOTEST	0.015	NOTEST	0.700931	-1.102828	1.558860	3.175413	12.847965	20.127173	17.975231	14.557211	360.035000	750.662500	1	1	1	1
FBtr0086212	CG15237-RA	0.039136	NOTEST	0.0097	NOTEST	0.947616	-2.030258	1.082300	-1.423514	2.925248	10.793411	20.761511	19.605342	5.936780	6.257580	1	1	1	1
FBtr0086951	APC10-RA	0.039136	0.129194	0.0097	0.1073	0.930547	-0.619451	1.526510	1.539165	20.568485	21.144747	23.018596	20.261314	11.401350	14.286350	1	1	1	1
FBtr0076766	CG8042-RA	0.007493	NOTEST	0.0003	NOTEST	2.903664	-0.397040	3.152376	0.408847	59.412832	19.807223	20.716062	22.466938	9.357515	13.752600	1	0	1	1
FBtr0301839	Ppn-RG	0.032454	NOTEST	0.0062	NOTEST	1.260023	-2.943469	1.285133	3.360177	21.186713	22.707415	21.609409	22.984578	18.271750	28.213500	1	1	1	1
FBtr0079723	CG13390-RA	0.039267	0.144286	0.0098	0.132	0.716337	-0.763639	2.101506	1.066988	12.342237	10.774653	20.061937	23.948878	1.551695	2.225980	1	1	1	1
FBtr0334482	bt-RH	0.049564	NOTEST	0.0158	NOTEST	0.555417	-4.950629	1.713603	-1.267454	24.004046	17.272560	11.421062	14.068274	23.882150	27.966550	1	1	1	1
FBtr0084172	ND-42-RA	0.025698	0.130088	0.0039	0.1088	0.973126	-0.669252	1.740770	1.331393	13.657303	2.955544	20.996691	21.184629	32.623900	29.481950	1	1	1	1
FBtr0072236	Snap29-RA	0.037798	0.107171	0.0089	0.075	0.368210	-0.302447	1.120642	0.980484	15.450925	14.179353	23.317253	20.966300	14.644950	17.000700	1	0	1	1
FBtr0072235	eIF6-RA	0.007493	NOTEST	0.0003	NOTEST	1.645430	-1.156912	2.775490	0.195866	18.515955	32.431559	22.459360	18.711539	9.352345	16.072450	1	0	1	1
FBtr0082195	gammaSnap2-RA	0.031884	NOTEST	0.006	NOTEST	0.320823	-2.112824	2.491256	2.618539	1.140987	4.461007	23.853915	21.128786	6.746610	4.361585	1	1	1	1
FBtr0082194	knk-RA	0.017147	NOTEST	0.0017	NOTEST	1.669090	-1.042189	3.696947	-0.098022	72.584324	29.493353	5.691731	12.722319	3.020580	3.982255	1	0	1	1
FBtr0301202	CG6424-RC	0.034078	0.139213	0.0069	0.1234	0.722663	-0.700326	3.649125	2.009041	2.243210	5.966272	23.203389	22.088436	38.774350	34.642800	1	1	1	1
FBtr0083123	CG6276-RA	0.038942	0.094303	0.0096	0.0582	0.265205	-0.171820	4.044883	2.700436	10.901316	6.275660	19.997605	18.080296	23.452200	23.317000	1	1	1	1
FBtr0345229	Dip-B-RD	0.010993	NOTEST	0.0007	NOTEST	2.315130	-1.795373	2.629476	0.964558	36.036774	13.900828	2.233171	20.603966	14.018250	20.966550	1	1	1	1
FBtr0330378	PSR-RB	0.017516	NOTEST	0.0018	NOTEST	1.315157	-1.251491	1.901587	1.528153	16.675384	24.872032	22.137431	22.907084	9.078400	12.744500	1	0	1	1
FBtr0082770	CG9813-RF	0.048038	NOTEST	0.0147	NOTEST	0.835373	-2.096828	1.660151	2.588734	5.122347	6.444903	17.539914	17.793309	16.326350	11.050350	1	1	1	1
FBtr0113777	Gpb5-RA	0.035982	NOTEST	0.0078	NOTEST	0.858872	-2.415970	2.260021	2.061085	9.363494	1.722219	7.471260	22.619914	6.158840	7.791905	1	1	1	1
FBtr0331756	CG9917-RB	0.024315	NOTEST	0.0035	NOTEST	1.044068	-1.673341	1.990403	-0.361614	33.257689	17.019253	21.730710	22.098735	44.560950	62.230950	1	1	1	1
FBtr0079150	CG13999-RA	0.004004	NOTEST	0.0001	NOTEST	2.508022	-1.066604	2.974646	-0.931266	12.736936	18.012316	6.474716	14.460013	7.160500	3.568990	1	1	1	1
FBtr0332413	Rtnl1-RL	0.010993	NOTEST	0.0007	NOTEST	2.018356	-1.406913	2.569834	2.883816	36.705395	14.792169	3.254109	19.220597	3.380855	3.668280	1	1	0	0
FBtr0074760	Arp10-RA	0.019426	0.1305	0.0022	0.1096	1.954120	-0.634489	3.248000	-0.625693	22.707820	24.139436	23.607146	23.791021	10.013155	12.909050	1	1	1	1
FBtr0082584	CG5196-RA	0.006281	NOTEST	0.0002	NOTEST	2.544086	-2.639576	3.035374	0.038282	0.274551	0.580243	23.017736	22.143057	11.674600	12.701600	1	1	1	1
FBtr0299833	KCNQ-RD	0.042507	NOTEST	0.0115	NOTEST	0.662288	-4.384329	1.046067	1.613404	28.804007	14.640213	23.837235	17.024637	7.739265	8.511750	1	1	1	1
FBtr0333384	thoc6-RB	0.037648	NOTEST	0.0088	NOTEST	1.188438	-1.155360	1.255392	0.371719	38.876666	10.754660	19.090036	20.241459	2.058035	1.952695	1	1	0	1
FBtr0071014	CG4607-RB	0.012983	0.111326	0.001	0.081	1.127070	-0.371493	4.604030	2.336303	12.095890	9.797032	20.269618	19.317017	6.033705	7.652210	1	1	1	1
FBtr0333381	CAH2-RB	0.047351	NOTEST	0.0143	NOTEST	0.451331	-3.937172	2.879884	0.868979	17.386874	17.175123	22.141844	21.337282	21.876100	28.103700	1	1	1	1
FBtr0333029	CG17364-RF	0.049997	NOTEST	0.0161	NOTEST	0.643489	-6.264683	1.895363	0.095216	0.865764	16.603074	21.858037	20.700787	13.063900	7.998470	1	1	1	1
FBtr0110973	Mhcl-RF	0.006281	0.07524	0.0002	0.0366	2.370578	-0.025537	3.324388	0.711240	8.997251	1.505216	19.154198	22.765271	1.103525	1.400640	1	1	1	1
FBtr0078700	Vha26-RB	0.033164	0.120619	0.0065	0.0942	1.156320	-0.538869	3.983191	0.302676	91.575332	8.494575	21.672388	21.401503	58.027000	90.866100	1	1	1	1
FBtr0339559	CG9331-RJ	0.037176	NOTEST	0.0083	NOTEST	0.871661	-1.859861	1.070506	-0.776525	38.819185	36.374433	1.258985	17.553650	2.748575	2.619020	1	1	1	1
FBtr0076022	eIF3l-RA	0.017147	NOTEST	0.0017	NOTEST	1.434886	0.963488	2.896614	1.961620	17.160033	21.298067	22.146187	23.015937	89.602500	86.372100	1	0	1	1
FBtr0334895	tst-RB	0.040346	0.090397	0.0105	0.0537	0.832718	-0.065206	2.182394	2.387256	12.621208	13.878252	18.452010	22.865770	2.385655	3.384845	1	0	1	1
FBtr0084546	Tsc1-RA	0.018893	NOTEST	0.0021	NOTEST	1.242441	0.761237	2.392405	1.809085	96.351006	29.518706	21.806677	21.815901	6.464735	7.534330	1	0	1	1
FBtr0086734	Dlip3-RA	0.049231	0.132803	0.0156	0.1135	0.294861	-0.549703	0.966269	0.537010	9.623042	21.080380	0.807447	21.803546	4.108435	3.752595	1	1	1	1
FBtr0074918	Mtr3-RA	0.010993	0.135926	0.0007	0.118	1.531219	-0.715912	2.298166	3.663693	14.569328	1.341108	21.307693	22.325555	1.836410	2.465490	1	1	1	1
FBtr0078856	MED31-RA	0.028219	0.082797	0.0046	0.0446	0.951209	-0.141528	2.037240	2.599424	20.049252	14.765271	0.381073	21.361169	9.228360	10.404100	1	1	1	1
FBtr0089125	Hcf-RB	0.045639	NOTEST	0.0131	NOTEST	0.378055	-2.231106	1.444071	1.255930	12.550655	22.204767	8.459945	14.105698	15.625750	9.473790	1	1	1	1
FBtr0089126	Hcf-RA	0.034646	NOTEST	0.0072	NOTEST	0.856393	-0.694082	2.123745	1.932262	3.590506	19.534776	20.370796	22.578883	18.625000	25.584450	1	0	1	1
FBtr0332316	CG3009-RD	0.036266	NOTEST	0.008	NOTEST	0.774764	-4.543218	1.307441	-0.732364	14.213152	4.521822	21.180246	17.170927	11.995900	17.551000	1	0	1	1
FBtr0332093	RhoGAP71E-RG	0.047351	0.110809	0.0143	0.0802	-0.198831	-0.586267	0.470058	0.662574	79.282798	114.718577	9.810269	14.395275	30.970950	36.679000	1	1	1	1
FBtr0332090	CG32103-RE	0.028219	NOTEST	0.0046	NOTEST	1.159578	-1.353757	3.448998	0.580858	13.664294	22.822055	21.005944	23.103657	43.258150	59.615700	1	0	1	1
FBtr0081357	RtGEF-RB	0.020585	0.144194	0.0025	0.1317	2.035372	-0.817018	2.348410	0.415932	35.688094	59.944785	14.078096	12.980155	1.152176	1.387385	1	1	0	1
FBtr0080617	NimB4-RA	0.019809	NOTEST	0.0023	NOTEST	1.284052	-1.852520	1.589084	0.726380	9.641792	4.269697	19.091553	23.597530	7.490510	8.180400	1	0	1	1
FBtr0336699	olf186-F-RG	0.027705	0.079552	0.0044	0.041	0.235081	0.173905	1.465244	1.735355	15.549404	15.069153	21.655306	21.488843	5.639865	4.415865	1	1	1	1
FBtr0083574	CG8064-RA	0.021654	NOTEST	0.0027	NOTEST	0.985569	-2.325196	2.747762	-0.040431	87.429367	19.395768	20.359125	21.602317	3.352375	4.374410	1	1	1	1
FBtr0273393	ND-B17.2-RB	0.0	NOTEST	0.0	NOTEST	3.847776	-1.280799	4.569268	1.327893	0.426268	1.964602	23.028345	20.632774	126.967500	108.723000	1	0	1	1
FBtr0081180	hook-RA	0.040346	NOTEST	0.0105	NOTEST	-0.124825	0.311892	0.869876	1.458319	16.943298	18.988643	22.055454	21.853076	23.808150	26.924450	1	0	1	1
FBtr0074505	CG6847-RA	0.030821	NOTEST	0.0056	NOTEST	1.658483	-2.008575	3.197905	-0.749826	25.905296	36.297643	0.108400	22.006473	1.737890	1.113645	1	1	1	1
FBtr0343869	Mpp6-RB	0.031642	0.151954	0.0059	0.1446	1.038260	-0.870028	1.288202	0.700899	15.624289	10.207386	19.560800	22.964846	1.809240	2.290625	1	1	1	1
FBtr0302787	Lmpt-RL	0.004004	0.086429	0.0001	0.049	3.056968	0.097146	3.701367	1.629947	1.312284	79.241796	23.317156	23.080809	11.696750	11.239300	1	1	1	1
FBtr0332898	CG15309-RC	0.044123	NOTEST	0.0124	NOTEST	0.875431	-5.196118	1.430258	0.475315	65.722562	0.077293	20.385769	12.620250	21.728200	13.196900	1	1	1	1
FBtr0302569	qtc-RH	0.013672	NOTEST	0.0011	NOTEST	1.270836	-1.033847	1.779550	-0.214133	13.473272	13.509614	20.539965	18.169415	2.422405	1.822735	1	1	1	1
FBtr0071690	CG10433-RA	0.040464	0.081867	0.0106	0.0435	0.660547	-0.152536	1.794677	0.962776	3.194892	0.535829	0.674572	22.455318	677.369000	904.896000	1	1	1	1
FBtr0075519	mRpS31-RA	0.018893	NOTEST	0.0021	NOTEST	1.679292	2.432604	1.883829	3.364538	12.444547	50.761418	20.625378	22.338213	9.447885	14.568050	1	0	1	1
FBtr0088806	CG30373-RA	0.022501	0.097741	0.0029	0.0625	1.442431	-0.193978	1.717072	3.828791	11.589550	2.882043	20.338857	21.006181	11.712950	14.739700	1	1	1	1
FBtr0083702	Xrp1-RC	0.018307	NOTEST	0.002	NOTEST	0.951476	-7.857200	0.999910	0.676811	89.559723	10.274001	11.145007	17.138047	5.386150	27.560850	1	1	1	1
FBtr0080708	l(2)35Cc-RA	0.036949	NOTEST	0.0082	NOTEST	0.916398	-3.628610	1.584277	-2.076867	34.182982	5.348316	18.657354	18.869704	2.074365	1.833765	1	1	1	1
FBtr0082869	CG3061-RA	0.036062	NOTEST	0.0079	NOTEST	0.807233	1.238752	1.699559	1.668444	19.729377	0.622035	22.516397	22.776919	59.676800	65.240950	1	0	1	1
FBtr0072607	Vti1a-RA	0.016684	0.090212	0.0016	0.0535	1.716942	-0.062072	1.989637	2.751626	19.773507	6.829987	22.487879	20.620149	10.112100	9.333230	1	1	1	1
FBtr0088650	CG30349-RA	0.039427	0.109353	0.0099	0.0776	0.743091	-0.392883	1.064706	0.439935	45.568562	3.540457	21.022537	22.575369	4.427375	5.867150	1	1	1	1
FBtr0330700	Slob-RD	0.007493	0.107171	0.0003	0.075	1.616749	-0.202099	5.346769	4.298971	31.912390	23.254826	15.061039	19.895831	42.091300	44.668950	1	1	1	1
FBtr0345597	Rh50-RC	0.048843	0.128583	0.0153	0.1066	0.854494	-0.590154	1.831380	-0.359039	3.307311	7.732236	20.287454	21.217146	19.192350	9.849580	1	1	1	1
FBtr0072866	HBS1-RA	0.049033	NOTEST	0.0155	NOTEST	0.059067	-1.411977	2.425862	0.796136	14.459523	5.791493	20.623006	17.838477	5.235010	9.876195	1	0	1	1
FBtr0334464	bif-RE	0.038318	0.119745	0.0093	0.093	1.359113	-0.474504	3.883933	1.390529	7.697816	4.615408	20.086673	21.454809	9.537150	7.624705	1	1	1	1
FBtr0345342	CG10866-RB	0.048672	NOTEST	0.0152	NOTEST	0.566977	-2.975437	0.854419	1.423440	45.599717	18.552537	4.523743	19.439025	3.000680	2.132540	1	1	1	1
FBtr0334461	CG4991-RE	0.035591	0.086103	0.0076	0.0484	0.978418	-0.612946	2.524874	0.683942	21.390025	63.845493	9.346262	16.211198	1.762525	2.626905	1	1	1	1
FBtr0087594	PheRS-m-RA	0.004004	NOTEST	0.0001	NOTEST	1.817156	1.030799	2.494006	1.075375	17.699933	25.420804	22.490843	23.453516	14.446250	17.980200	1	0	1	1
FBtr0301960	Tm1-RN	0.031884	NOTEST	0.006	NOTEST	1.361213	-4.072348	2.084809	1.053266	13.591653	12.661840	7.823845	15.286167	13.967100	14.909950	1	1	0	1
FBtr0082424	Ho-RA	0.007493	0.081987	0.0003	0.0437	2.285526	0.020986	5.048181	0.892003	14.278214	32.374266	20.547852	20.469085	42.808100	44.146950	1	0	1	1
FBtr0331557	UQCR-C2-RB	0.018021	NOTEST	0.0019	NOTEST	0.892318	-1.057640	1.977687	0.002505	18.113791	22.434690	21.790966	22.842828	96.968150	103.363500	1	1	1	1
FBtr0083810	CG6231-RA	0.017147	NOTEST	0.0017	NOTEST	1.790974	-3.353311	2.346811	-0.785194	1.722832	22.189302	15.138778	13.928398	2.365990	1.843130	1	1	1	1
FBtr0087242	clu-RA	0.017516	NOTEST	0.0018	NOTEST	1.047144	-0.232722	2.272329	4.642972	9.715142	11.508801	19.488384	19.993934	21.553700	20.291200	1	0	1	1
FBtr0085632	Fer1HCH-RB	0.045362	NOTEST	0.0128	NOTEST	0.943927	-4.320953	1.870603	1.843276	28.276552	23.666374	23.425848	22.420852	213.603500	400.362000	1	0	1	1
FBtr0343147	Tim9a-RB	0.018893	0.102441	0.0021	0.0683	1.499948	-0.203534	1.969713	0.867617	5.468172	23.468150	22.432850	20.788219	32.537900	38.929050	1	1	1	1
FBtr0079681	CG13088-RA	0.04638	0.079967	0.0136	0.0414	0.950629	0.132829	1.762898	0.659746	2.794417	56.797175	21.726068	17.835182	2.648275	2.718475	1	1	1	1
FBtr0077987	Pino-RB	0.008325	0.159258	0.0004	0.156	1.299957	-0.963021	2.329291	-0.373455	15.199500	9.336689	20.592644	18.707948	14.968150	12.979100	1	1	1	1
FBtr0113422	IRSp53-RB	0.042794	0.140516	0.0117	0.1257	0.801162	-0.776677	2.313447	0.972303	15.232468	12.891847	20.933345	20.447298	14.354350	15.883300	1	1	1	1
FBtr0076106	CG32091-RB	0.009138	NOTEST	0.0005	NOTEST	1.192504	-1.530883	2.632226	0.583826	11.146944	12.304630	19.834665	19.735052	6.568770	9.162675	1	0	1	1
FBtr0085795	rod-RA	0.030085	NOTEST	0.0053	NOTEST	1.107937	-1.093485	2.144194	2.721232	63.233147	10.712185	20.237317	21.339094	1.107095	1.926480	1	1	1	1
FBtr0331838	lqf-RL	0.019809	NOTEST	0.0023	NOTEST	-0.494887	-1.436082	0.846618	0.359353	9.087583	5.291999	19.327127	17.581875	5.485840	4.068355	1	1	1	1
FBtr0079299	Aatf-RA	0.047472	NOTEST	0.0144	NOTEST	0.185936	-1.417917	1.007644	0.328302	17.387662	58.691704	22.198189	16.088723	3.438735	5.668080	1	1	1	1
FBtr0333697	CG32195-RC	0.017147	NOTEST	0.0017	NOTEST	1.217023	-4.301824	4.385271	-0.752505	18.888025	15.238052	21.065263	21.475969	8.764185	16.337650	1	0	1	1
FBtr0087336	eIF2Bgamma-RA	0.048215	0.101348	0.0148	0.0672	0.707305	-0.248440	2.343583	1.783072	79.462471	10.398656	19.993343	19.649718	16.203350	20.708950	1	0	1	1
FBtr0087339	CG30466-RA	0.042891	NOTEST	0.0118	NOTEST	0.715887	-2.773290	1.151337	1.032400	15.197004	29.558743	9.155839	12.245823	5.703915	8.772070	1	1	1	1
FBtr0071342	Zpr1-RA	0.049033	NOTEST	0.0154	NOTEST	0.733503	-3.421233	1.153354	-1.415495	16.998087	11.625732	21.633422	21.227522	2.201655	3.005680	1	0	1	1
FBtr0081785	CG3223-RA	0.049033	0.098901	0.0155	0.0639	0.768798	-0.262633	1.345183	1.877557	45.338841	4.219396	23.284850	21.017144	8.356050	12.222050	1	1	1	1
FBtr0339979	CG33469-RB	0.041496	0.152683	0.0111	0.1457	0.853064	-0.950796	1.160447	-0.617620	18.138953	112.520511	8.960706	12.012427	1.934465	9.857600	1	1	1	1
FBtr0334865	Uvrag-RB	0.030526	NOTEST	0.0055	NOTEST	1.137344	-4.507802	1.462744	0.813577	23.452586	76.629790	19.055618	19.250167	5.199115	4.301040	1	1	1	1
FBtr0070127	SkpA-RC	0.041496	0.144137	0.0111	0.1316	1.108338	-0.766676	1.471394	0.043511	25.564380	8.632595	20.653245	17.842212	15.957100	18.516950	1	1	1	1
FBtr0290024	CG7394-RB	0.041329	NOTEST	0.011	NOTEST	0.539361	-1.399110	0.858967	0.587861	12.605243	9.514765	20.599429	20.165837	1.660110	3.192875	1	1	0	1
FBtr0075958	vih-RA	0.042794	0.081833	0.0117	0.0434	0.284900	0.138438	1.706983	2.679226	14.612722	1.797743	21.223690	21.419880	14.241400	14.014850	1	1	1	1
FBtr0084645	ana1-RA	0.037495	NOTEST	0.0086	NOTEST	0.498262	-3.201632	2.560536	0.778688	7.349805	28.754767	18.628844	23.981167	2.434015	3.941545	1	1	1	1
FBtr0110834	CG31030-RB	0.032454	NOTEST	0.0062	NOTEST	1.202178	-1.397197	3.697567	1.001141	2.592288	2.550536	13.604956	15.786032	32.585650	18.847000	1	1	1	1
FBtr0086119	PGAP3-RB	0.027998	NOTEST	0.0045	NOTEST	1.132166	-1.347067	2.351364	2.043063	18.374914	28.154837	22.724352	20.464179	6.817795	8.795270	1	1	1	1
FBtr0078212	knrl-RA	0.035591	NOTEST	0.0076	NOTEST	0.697524	-1.979578	2.616787	2.269403	61.916314	1.958822	3.652401	22.922601	3.611775	6.335935	1	0	1	1
FBtr0110839	CG34125-RA	0.045639	NOTEST	0.0132	NOTEST	0.327249	-4.330512	1.505084	1.432526	1.356037	0.891643	2.343680	22.632414	3.854470	5.705365	1	1	1	1
FBtr0304603	pros-RH	0.03291	0.108461	0.0064	0.0763	1.175592	-0.516397	1.765995	2.103086	120.679465	109.626943	10.754622	13.354318	55.361400	38.452700	1	1	1	1
FBtr0071170	CG1632-RA	0.022706	NOTEST	0.003	NOTEST	1.765873	-2.214882	3.218418	3.102464	36.301747	1.731186	19.171249	15.188883	5.886715	2.668205	1	1	1	1
FBtr0307552	Mccc1-RD	0.049997	NOTEST	0.0161	NOTEST	0.508629	-2.709221	1.852316	1.309277	12.076567	9.255869	20.055755	19.187922	7.532910	7.943320	1	1	1	1
FBtr0337003	RluA-2-RE	0.041811	NOTEST	0.0112	NOTEST	1.125238	-1.255594	2.300301	0.322122	22.668138	74.206148	2.829101	14.567264	3.228840	4.012680	1	1	1	1
FBtr0087941	CG8818-RA	0.00999	NOTEST	0.0006	NOTEST	1.578079	2.460554	2.506973	2.610508	17.254806	3.661292	21.507303	22.475242	33.182000	37.112400	1	0	1	1
FBtr0083195	c(3)G-RB	0.046577	0.108684	0.0138	0.0768	0.132096	-0.329326	4.446309	0.601474	12.363814	23.000296	15.552634	18.710127	4.372970	7.172965	1	1	1	1
FBtr0082946	su(Hw)-RA	0.022706	0.103921	0.003	0.0706	0.909798	-0.470348	2.397427	1.098162	13.729654	19.859976	21.070748	22.417984	6.452950	7.534365	1	1	1	1
FBtr0084409	Sec13-RA	0.04544	NOTEST	0.0129	NOTEST	0.801524	-1.963876	1.986363	0.248206	19.668479	19.192604	22.455586	22.336027	13.326600	16.830550	1	1	1	1
FBtr0077189	Rpt6-RA	0.033382	NOTEST	0.0066	NOTEST	0.894569	0.661491	2.332165	2.233141	15.250967	20.071988	21.564784	22.374230	13.157150	20.927200	1	0	1	1
FBtr0088975	CG11127-RA	0.019426	NOTEST	0.0022	NOTEST	1.168896	-1.506445	2.638359	0.536614	8.998389	1.661915	19.337313	20.877596	7.751685	7.798235	1	1	1	1
FBtr0085831	CG11563-RA	0.012521	0.122573	0.0009	0.0975	2.157341	-0.482533	2.705381	1.907094	19.932122	20.750925	21.939030	22.250993	5.598500	7.316680	1	1	1	1
FBtr0303414	CG2059-RB	0.041329	0.115799	0.011	0.0867	0.507966	-0.389131	1.732039	0.274119	11.592728	27.117351	20.335088	18.094242	11.358600	16.881800	1	1	1	1
FBtr0339949	Aladin-RB	0.038458	0.159429	0.0094	0.1563	0.350186	-0.914220	1.022312	1.429462	24.345029	9.937460	14.756047	17.646743	1.799345	2.194465	1	1	1	1
FBtr0084043	CG7079-RA	0.019809	0.120363	0.0023	0.0939	1.406468	-0.463266	1.824201	1.388029	35.898475	31.064730	2.308001	23.886926	4.426400	4.230275	1	1	1	1
FBtr0308093	CG34417-RN	0.019426	NOTEST	0.0022	NOTEST	1.038209	-0.918088	1.794923	-0.676712	78.376690	12.388373	9.650516	15.380723	70.622100	91.772400	1	0	1	1
FBtr0071095	RpS14a-RA	0.028219	NOTEST	0.0046	NOTEST	0.833378	-2.755388	2.287720	-0.063866	14.147255	23.538498	19.118640	22.619711	11.788800	15.601350	1	1	1	1
FBtr0345005	CG13907-RB	0.043045	NOTEST	0.0119	NOTEST	1.037186	-3.026854	2.491076	0.085345	44.827460	82.859632	22.951850	16.555719	3.898375	5.141630	1	1	1	1
FBtr0088103	Syx6-RB	0.034291	NOTEST	0.0071	NOTEST	1.330069	-1.971669	1.930612	3.195094	11.719508	85.648025	21.139786	19.024999	41.899350	39.394700	1	1	1	1
FBtr0329963	CG10188-RC	0.00999	NOTEST	0.0006	NOTEST	1.908311	-1.220502	2.348767	-0.995655	8.698752	14.280640	19.149065	20.820681	16.013800	10.600300	1	0	1	1
FBtr0075672	mRpL39-RA	0.047195	0.102952	0.0141	0.069	0.545467	-0.151661	1.505395	1.838514	6.483221	3.214241	19.737466	19.613243	6.522985	7.403745	1	1	1	1
FBtr0082760	GILT1-RA	0.038236	NOTEST	0.0092	NOTEST	0.300556	-1.878590	4.158024	2.020504	10.728186	11.449020	19.829275	19.588232	94.745750	132.441000	1	1	1	1
FBtr0301890	Vdup1-RD	0.036266	0.143486	0.008	0.1306	0.544642	-0.737409	1.249149	0.334297	11.806510	3.007542	20.375215	20.480637	2.908085	3.466230	1	1	1	1
FBtr0113831	Maf1-RB	0.034078	NOTEST	0.0069	NOTEST	0.908172	-2.351870	1.440674	-1.625906	31.612630	43.964734	12.716681	15.024174	13.096250	8.291855	1	1	1	1
FBtr0073697	CG32649-RA	0.022706	0.081702	0.003	0.0431	1.021467	0.049104	1.325282	0.659968	5.145397	28.515220	22.085434	22.521309	4.860260	6.760890	1	0	1	1
FBtr0306100	sals-RE	0.037946	0.104133	0.009	0.0709	0.688754	-0.547004	0.933604	0.587484	6.021113	46.936560	17.634300	17.381287	1.537915	1.189655	1	1	1	0
FBtr0075852	cmb-RB	0.019426	NOTEST	0.0022	NOTEST	1.248347	-1.796770	3.835764	2.606542	81.232028	16.561071	20.519550	21.406964	6.944785	11.908050	1	0	1	1
FBtr0084577	mRpS24-RA	0.012983	NOTEST	0.001	NOTEST	1.347057	-1.266931	2.006385	0.002178	4.861422	9.288110	22.714627	22.138198	12.678450	13.513450	1	0	1	1
FBtr0088505	l(2)k10201-RA	0.038236	0.112257	0.0092	0.0822	0.661495	-0.452565	2.123821	0.833449	0.053405	4.892292	23.507645	21.621693	1.850255	2.199955	1	1	1	1
FBtr0084272	mRpL45-RA	0.013672	NOTEST	0.0011	NOTEST	1.287993	-1.179883	3.005015	0.055928	13.947727	82.124125	20.925659	22.794041	8.966735	11.301850	1	1	1	1
FBtr0075911	mirr-RA	0.038092	NOTEST	0.0091	NOTEST	-0.158473	-1.545399	1.109964	2.663517	9.063156	86.425121	19.220418	21.065657	2.895280	2.849010	1	1	1	1
FBtr0309285	CG33543-RD	0.004004	0.133064	0.0001	0.1139	1.717609	-0.604395	6.160081	0.943915	14.445079	12.054414	21.260591	20.222167	24.606900	13.813600	1	1	1	1
FBtr0088402	magu-RB	0.025698	0.106086	0.0039	0.0735	1.637531	-0.267479	1.939486	0.631077	18.672294	1.054042	22.116804	21.693316	9.651590	11.569200	1	1	1	1
FBtr0302374	jbug-RL	0.014986	0.08397	0.0013	0.046	1.968561	0.020207	2.578613	2.947158	7.887470	22.021580	0.861143	23.471575	5.947535	9.884315	1	1	1	1
FBtr0078403	ebd2-RA	0.043228	0.125976	0.012	0.1027	0.764944	-0.594330	2.790768	-0.189443	96.548115	14.340097	9.746795	16.016219	2.467520	1.689565	1	1	1	1
FBtr0307212	CG16978-RB	0.012521	NOTEST	0.0009	NOTEST	1.249310	-2.786019	1.992088	1.126224	36.646694	26.002961	8.745384	12.529838	117.934500	145.857500	1	1	1	1
FBtr0076329	Ilp2-RA	0.022218	NOTEST	0.0028	NOTEST	0.889854	-1.440786	3.230741	0.331967	15.062128	10.434490	21.474919	19.911860	169.231500	119.150000	1	1	1	1
FBtr0082909	140up-RA	0.037495	NOTEST	0.0086	NOTEST	0.742961	-1.455112	1.280940	0.514078	32.958830	2.558221	0.705695	20.951559	9.740935	9.558720	1	1	1	1
FBtr0075452	Strumpellin-RA	0.04701	NOTEST	0.014	NOTEST	0.745615	-2.540161	1.294898	-1.206101	27.004046	16.081433	23.438511	21.768584	6.120210	5.707035	1	1	1	1
FBtr0300178	gol-RC	0.035867	0.13561	0.0077	0.1175	0.538906	-0.683178	0.942762	0.207360	33.001155	28.318264	11.274999	12.002830	28.726250	24.648450	1	1	1	1
FBtr0088245	LTV1-RA	0.012983	0.098403	0.001	0.0633	1.360514	-0.463820	2.927228	0.211320	13.115333	1.465964	20.590755	22.863213	30.609500	34.295400	1	1	1	1
FBtr0303873	tai-RF	0.049033	0.07593	0.0154	0.0371	0.356788	-0.462902	0.474594	-0.238845	124.339308	60.197146	11.655669	14.383598	12.378800	12.652150	1	1	1	1
FBtr0082547	Cpn-RA	0.047831	NOTEST	0.0146	NOTEST	0.398669	-1.480046	1.795029	-1.126066	1.536025	34.047752	1.467457	22.145284	2.222175	1.430965	1	1	1	0
FBtr0080526	Ing5-RB	0.037495	0.153949	0.0086	0.1476	0.711827	-0.889184	1.571889	0.167614	4.469457	11.459242	18.829721	19.263835	4.314725	5.527105	1	1	1	1
FBtr0082624	Cog1-RA	0.0	0.161912	0.0	0.1607	3.288454	-0.921246	3.746298	0.480104	17.891869	9.100731	21.068393	19.386109	8.894755	8.778030	1	1	1	1
FBtr0073252	Cpr64Ac-RA	0.004004	NOTEST	0.0001	NOTEST	1.481440	0.764184	1.965902	4.637860	87.509187	41.759442	10.793438	17.908479	1.209340	0.365953	1	0	1	1
FBtr0112806	fw-RB	0.018307	0.109481	0.002	0.0778	1.799123	-0.242689	3.838071	1.612813	5.104914	11.713472	22.951162	19.813293	3.713110	1.852760	1	1	1	1
FBtr0081333	CG10721-RA	0.023613	0.108447	0.0033	0.0762	1.561285	-0.305054	3.117116	1.474018	2.633048	1.841784	21.419224	22.114699	4.282325	5.216025	1	1	1	1
FBtr0339356	CG8635-RB	0.032454	NOTEST	0.0062	NOTEST	0.762274	-1.723450	2.035851	0.164542	13.455915	95.713850	20.798561	21.701976	12.090500	14.745950	1	1	1	1
FBtr0308228	pod1-RG	0.00999	0.076204	0.0006	0.0375	1.904514	0.172681	3.514219	0.434944	10.764631	25.858183	21.797659	23.637783	7.270640	8.481395	1	1	1	1
FBtr0334610	Nrx-1-RF	0.037274	NOTEST	0.0084	NOTEST	1.152311	-2.424560	1.646323	0.872640	18.712073	15.242169	22.581578	21.257840	1.325310	1.082005	1	1	1	1
FBtr0084755	beta4GalT7-RA	0.026062	0.109621	0.004	0.0781	1.136946	-0.287328	2.730746	3.045022	13.919184	94.600797	18.801540	19.256700	3.082605	4.575680	1	1	1	1
FBtr0300774	Hexo1-RE	0.037495	NOTEST	0.0086	NOTEST	1.273547	-2.082399	1.528009	-1.559662	6.872260	0.910377	0.526859	23.764348	7.761450	9.945120	1	1	1	1
FBtr0307189	CG15199-RB	0.036062	0.077218	0.0079	0.0385	0.851575	0.235823	1.422757	1.626397	3.763747	15.258833	16.746108	16.321623	13.169200	12.838250	1	1	1	1
FBtr0301167	Nse4-RC	0.034122	NOTEST	0.007	NOTEST	1.018829	-1.236921	1.590718	1.416624	44.275350	6.278878	19.878098	20.347741	2.681370	3.007630	1	1	1	1
FBtr0072813	metl-RA	0.028433	0.138927	0.0047	0.1228	1.234088	-0.726734	4.462483	-0.491784	88.512087	1.315994	21.457426	21.771735	9.464415	9.627555	1	1	1	1
FBtr0301812	CG41128-RB	0.04338	0.125286	0.0121	0.1017	0.012339	-0.703174	4.354452	2.687713	10.601018	7.763976	19.946953	18.747798	494.084000	344.698500	1	1	1	1
FBtr0089084	Eph-RC	0.049231	0.126936	0.0156	0.1042	-0.361779	-0.605240	1.674382	4.202408	8.830129	10.435648	19.110320	19.736351	25.334700	27.257400	1	1	1	1
FBtr0303198	gce-RC	0.036949	NOTEST	0.0082	NOTEST	0.976661	-1.546462	1.501821	-1.122701	51.822229	23.578499	4.036937	23.428277	10.929250	14.148200	1	1	1	1
FBtr0082535	Lk6-RB	0.046577	NOTEST	0.0138	NOTEST	0.444921	-2.200569	2.922228	-0.520369	10.568447	23.132151	19.706966	23.417899	48.383650	43.458750	1	0	1	1
FBtr0301959	Tm1-RM	0.019809	0.085284	0.0023	0.0475	1.895036	-0.066256	2.052606	0.407098	34.696416	10.568945	20.435744	21.940783	114.962000	104.860500	1	1	1	1
FBtr0083804	Vha13-RA	0.03133	0.10693	0.0058	0.0746	1.145718	-0.511284	2.230950	4.726633	0.718700	1.165841	23.671479	22.568923	84.351600	85.346850	1	1	1	1
FBtr0071533	mRpL54-RA	0.02539	NOTEST	0.0038	NOTEST	1.764453	-2.125425	3.212828	-0.564172	5.385780	1.246461	20.970706	23.027269	11.788350	14.223950	1	1	1	1
FBtr0342928	Nedd8-RB	0.017147	0.123922	0.0017	0.0995	0.968801	-0.523434	3.258259	0.791005	8.870546	7.014562	19.138576	18.392483	19.336250	23.486600	1	1	1	1
FBtr0070590	CG14270-RA	0.021654	0.119874	0.0027	0.0932	1.731490	-0.451324	2.038201	-0.301520	18.437169	1.975724	20.914882	21.073472	4.941245	6.014035	1	1	1	1
FBtr0071102	sn-RB	0.007493	0.079669	0.0003	0.0411	3.357178	-0.194865	3.849654	0.287605	17.291476	47.230216	22.119908	18.566055	46.256350	94.902350	1	1	1	1
FBtr0073382	CG2157-RA	0.039615	NOTEST	0.01	NOTEST	0.728153	-3.885082	1.658762	0.620820	19.892181	6.973222	22.595144	18.261400	2.153875	3.796330	1	1	1	1
FBtr0333568	CG11586-RB	0.046479	0.121803	0.0137	0.0963	1.101716	-0.537750	1.304010	0.254147	89.310674	84.253265	22.683076	23.972389	6.365800	7.839070	1	1	1	1
FBtr0079697	CG13097-RA	0.026354	0.092836	0.0041	0.0566	1.179087	-0.140432	1.963946	1.090522	14.154635	27.406823	21.181927	23.304674	4.145570	6.059550	1	1	1	1
FBtr0074299	Cnx14D-RA	0.037946	NOTEST	0.009	NOTEST	1.175830	-1.568515	3.569019	1.137031	94.935482	84.648648	17.462105	21.525375	3.460795	4.114620	1	1	1	1
FBtr0084977	Exo84-RA	0.048499	NOTEST	0.0151	NOTEST	0.483223	0.744525	1.214283	2.233352	26.865589	4.340986	22.762232	19.593272	5.892700	8.555765	1	0	1	1
FBtr0072923	CG1146-RA	0.031884	NOTEST	0.006	NOTEST	0.735875	-4.576252	2.811953	2.867016	9.062449	11.558070	19.337739	16.673798	8.638055	17.226200	1	1	1	1
FBtr0330356	bru3-RN	0.039136	NOTEST	0.0097	NOTEST	0.751058	-5.672046	2.522636	-0.465129	9.549344	5.722124	7.185566	19.352584	1.520360	1.154085	1	1	1	1
FBtr0071248	lawc-RA	0.045639	0.116978	0.0132	0.0884	0.871328	-0.453058	2.065779	0.783323	37.528989	15.680627	23.460122	23.481996	34.381100	28.259850	1	1	1	1
FBtr0331632	CG4592-RB	0.049863	NOTEST	0.016	NOTEST	0.397328	-1.821609	1.530280	-1.717622	12.587861	11.329653	20.343008	20.239190	9.548200	10.150900	1	0	1	1
FBtr0085394	Brd8-RA	0.038236	NOTEST	0.0092	NOTEST	0.877263	-2.184860	4.465677	-1.661525	68.669635	5.336189	17.354045	19.016555	1.255760	1.612110	1	0	1	1
FBtr0304112	Cnot4-RH	0.028433	NOTEST	0.0047	NOTEST	1.365385	-3.822188	3.061435	-1.887135	5.705174	41.290153	4.011386	17.325630	8.791850	8.713765	1	1	1	1
FBtr0331635	CG5853-RB	0.04087	0.159081	0.0108	0.1558	0.200863	-0.928140	0.439960	1.232668	46.622071	28.884562	16.912124	14.362188	10.395525	15.064600	1	1	1	1
FBtr0343289	CG10904-RB	0.034122	0.124569	0.007	0.1006	1.240269	-0.600684	3.080268	0.471031	16.841599	3.806977	15.679877	19.243895	10.897150	13.706250	1	1	1	1
FBtr0074335	ppk28-RA	0.015557	NOTEST	0.0014	NOTEST	1.390498	-1.236937	1.564193	0.321708	19.560683	19.682017	22.812921	22.258385	1.035397	1.600410	1	1	1	1
FBtr0074330	mRpL22-RA	0.007493	0.10662	0.0003	0.0741	2.493805	-0.449191	3.860508	1.692711	34.339140	5.560848	22.843374	18.993368	12.200500	12.586800	1	1	1	1
FBtr0340412	CG32647-RC	0.049033	NOTEST	0.0155	NOTEST	0.299984	-1.758314	1.152877	0.767279	89.336372	104.216015	18.614508	17.500024	158.937000	128.052000	1	1	1	1
FBtr0089766	Cyp6d5-RA	0.040136	NOTEST	0.0103	NOTEST	0.707803	-0.083754	1.663203	1.078034	7.861757	9.153257	18.766106	16.683573	213.632500	248.920000	1	0	1	1
FBtr0085712	Cyp4c3-RA	0.035093	0.089761	0.0074	0.0528	1.317892	-0.047213	3.172946	2.884654	2.721328	16.455943	21.246641	19.118442	3.163070	1.519685	1	1	1	1
FBtr0085498	CG31038-RE	0.022706	0.110897	0.003	0.0803	1.356509	-0.389130	1.948708	2.885099	11.756340	99.587110	20.395874	19.030757	19.228400	19.502900	1	1	1	1
FBtr0308070	CG10353-RE	0.026354	NOTEST	0.0041	NOTEST	1.620763	-1.273625	1.747592	0.486985	23.169328	27.136139	20.451936	20.697861	5.046255	5.568685	1	1	1	1
FBtr0074097	CG15602-RA	0.043228	NOTEST	0.012	NOTEST	0.341461	-1.373404	0.939701	-0.021224	0.295702	16.022227	23.845332	21.560851	8.673100	12.592900	1	0	1	1
FBtr0078721	CG1236-RA	0.046479	0.083565	0.0137	0.0455	1.003057	0.005977	3.307657	1.676999	16.086578	5.903169	19.365644	18.933556	6.069760	9.404570	1	1	1	1
FBtr0079251	Cpr-RB	0.023905	NOTEST	0.0034	NOTEST	1.426223	-1.110158	2.534669	0.341059	21.705168	23.707271	21.593152	22.585661	25.415300	23.168950	1	1	1	1
FBtr0339571	Dot-RB	0.020077	0.12208	0.0024	0.0966	1.714751	-0.487039	2.393703	3.381840	4.707197	1.784835	20.071487	20.728123	5.665755	6.704015	1	1	1	1
FBtr0088699	Acsl-RA	0.008325	NOTEST	0.0004	NOTEST	2.329026	-9.131228	3.247428	0.533175	47.279836	3.839386	10.502957	19.710890	7.203255	8.530955	1	1	1	1
FBtr0334873	Cnx99A-RE	0.009138	NOTEST	0.0005	NOTEST	1.496956	-2.793183	2.040846	1.533121	39.804783	14.991041	17.436858	21.260365	6.386620	9.618675	1	1	1	1
FBtr0086892	P32-RA	0.013672	0.076723	0.0011	0.0381	1.618350	0.109696	3.813873	2.440817	30.153529	17.609926	18.208401	17.978993	15.474900	18.979800	1	1	1	1
FBtr0335475	crol-RH	0.030821	0.131346	0.0056	0.1109	1.036885	-0.651078	1.717151	1.602535	13.277141	14.985905	20.923522	21.083933	1.988126	5.433130	1	1	0	0
FBtr0089101	gw-RF	0.047351	NOTEST	0.0143	NOTEST	0.813944	-3.122054	3.043308	-1.298698	11.233928	3.654093	19.181664	15.734389	1.331975	2.257930	1	1	1	1
FBtr0072320	Adck-RA	0.021654	0.086103	0.0027	0.0484	1.633868	0.035738	1.935424	0.473704	4.148625	38.644843	21.443479	18.111462	2.108680	3.014890	1	1	1	1
FBtr0074385	CG4991-RA	0.030526	NOTEST	0.0055	NOTEST	0.824708	-3.566433	3.970968	1.521710	14.653758	87.108904	20.652043	22.923533	8.936300	9.884415	1	1	1	1
FBtr0074895	Grasp65-RA	0.035982	NOTEST	0.0078	NOTEST	1.194164	-2.881675	1.502392	0.149063	63.548584	26.275196	0.034863	23.212359	18.722600	22.409900	1	1	1	1
FBtr0082376	Ugt86De-RA	0.0	NOTEST	0.0	NOTEST	2.710392	4.045729	3.281332	5.031082	20.084121	16.414560	22.851217	21.923661	1.058574	0.757623	1	0	1	1
FBtr0074991	CG9666-RA	0.049564	NOTEST	0.0158	NOTEST	0.746804	-2.033713	1.634302	4.368452	31.577681	86.471802	20.940410	23.904546	3.120195	3.918985	1	1	1	1
FBtr0082378	Ugt86Di-RA	0.027304	NOTEST	0.0043	NOTEST	1.194727	-0.778073	1.750938	0.599598	4.079112	6.646914	3.186590	20.965246	2.047840	2.351355	1	0	1	1
FBtr0078432	Rpb8-RA	0.030324	NOTEST	0.0054	NOTEST	0.764582	-1.490466	2.172276	1.216856	0.554245	1.228751	23.091742	21.448228	36.430750	42.019250	1	1	1	1
FBtr0083594	CG18600-RA	0.014403	0.129638	0.0012	0.108	1.379360	-0.685195	3.605518	0.835247	32.989750	6.580244	21.687582	21.976560	6.148950	7.795865	1	1	1	1
FBtr0083292	CSN5-RA	0.018893	NOTEST	0.0021	NOTEST	0.322227	-5.384555	2.533143	-0.441305	9.211827	14.443795	19.434442	20.971742	10.897300	14.183600	1	1	1	1
FBtr0074242	CG9911-RB	0.040346	NOTEST	0.0105	NOTEST	0.935037	-1.951810	1.257215	-0.086109	38.744224	27.401098	3.138423	13.800030	16.755850	19.088050	1	1	1	1
FBtr0331227	mRpL28-RB	0.004004	0.129494	0.0001	0.1077	2.687763	-0.577030	2.966936	-0.177970	64.608703	51.772830	22.416589	21.591681	18.118800	19.214000	1	0	1	1
FBtr0074563	CG6290-RA	0.018893	0.079226	0.0021	0.0407	1.927651	-0.039249	2.336287	1.233369	15.637710	12.528656	21.399981	20.669514	6.095785	6.729670	1	1	1	1
FBtr0077646	CG17265-RA	0.019809	NOTEST	0.0023	NOTEST	0.507105	-2.429117	2.270157	-0.561208	43.239127	25.586213	16.961842	21.467992	2.044810	1.560050	1	1	1	1
FBtr0301912	Strumpellin-RB	0.03291	NOTEST	0.0064	NOTEST	0.728545	-5.420668	1.183623	-1.376735	18.744184	27.989664	17.454503	18.113123	2.298715	3.366550	1	1	1	1
FBtr0079255	CG9507-RA	0.007493	NOTEST	0.0003	NOTEST	1.512561	-1.505741	4.291157	1.964964	8.303465	1.270386	19.050496	14.754092	7.261425	4.700415	1	1	1	1
FBtr0082572	GstD5-RA	0.043045	NOTEST	0.0119	NOTEST	0.809602	-1.705375	3.499093	-0.560823	72.611251	1.422962	7.657318	21.089881	1.515620	11.415700	1	1	1	1
FBtr0082479	CG31211-RA	0.022501	0.135736	0.0029	0.1177	1.145904	-0.636335	1.900930	1.916675	77.952131	9.176898	22.774507	22.939633	15.126850	9.385540	1	1	1	1
FBtr0083278	CG6126-RA	0.045639	NOTEST	0.0132	NOTEST	0.281315	-3.635919	2.105742	1.882333	15.663241	9.692944	21.096897	19.560644	38.114850	46.672250	1	1	1	1
FBtr0074805	pico-RB	0.038318	NOTEST	0.0093	NOTEST	0.404697	-1.013633	2.110643	-0.163614	59.661686	120.179641	12.177533	13.202067	6.937555	8.021425	1	1	1	1
FBtr0339954	CG16935-RB	0.012983	0.157891	0.001	0.1539	1.030511	-0.872492	1.922105	1.015408	24.297013	2.765293	22.433374	22.321124	12.597200	13.597200	1	1	1	1
FBtr0079095	cl-RA	0.012521	0.114341	0.0009	0.085	1.010088	-0.377807	3.059925	1.799540	32.421668	0.905213	23.720719	22.616497	28.950950	47.246300	1	1	1	1
FBtr0310034	CG4297-RC	0.029042	NOTEST	0.005	NOTEST	0.968091	-2.494004	2.008216	0.162096	24.941530	0.502990	14.849931	22.263009	3.419595	3.794045	1	1	1	1
FBtr0310035	CG4297-RD	0.010993	NOTEST	0.0007	NOTEST	2.665510	-3.927948	3.048653	1.948582	0.796680	116.339612	22.245012	13.729108	5.502265	7.140900	1	1	1	1
FBtr0073613	CG9360-RA	0.043228	NOTEST	0.012	NOTEST	0.356170	-1.650808	2.710955	1.671902	12.440230	7.689674	20.606051	18.147192	61.529400	58.379300	1	1	1	1
FBtr0081472	CG9246-RA	0.034078	0.090212	0.0069	0.0535	1.066960	-0.025566	1.533721	0.796775	61.676592	19.965441	19.671983	23.270203	4.318790	6.007000	1	1	1	1
FBtr0072622	CG9205-RB	0.037176	0.085078	0.0083	0.0473	0.585387	-0.183060	1.011573	0.062358	20.853346	36.052205	22.308651	23.966563	8.198900	9.894820	1	1	1	1
FBtr0084704	CG7006-RA	0.037648	NOTEST	0.0088	NOTEST	0.794274	-1.275249	4.440775	-0.039317	5.917994	2.153238	23.039576	21.365711	7.557705	9.105995	1	1	1	1
FBtr0333607	CG9705-RC	0.043827	NOTEST	0.0123	NOTEST	0.163248	-1.649868	0.932055	0.295921	57.373939	9.753004	13.145693	18.103244	6.595560	9.577680	1	1	1	1
FBtr0075542	fwe-RA	0.036062	NOTEST	0.0079	NOTEST	0.099005	-3.489772	1.216551	2.145531	7.425424	10.543932	18.530065	19.192449	2.796665	20.588550	1	1	1	1
FBtr0346594	CG34250-RB	0.016056	NOTEST	0.0015	NOTEST	0.872295	-3.240244	2.034432	-1.538585	84.212238	13.064605	4.364740	20.832885	1.621260	1.454100	1	1	1	1
FBtr0305545	Mtch-RF	0.02539	NOTEST	0.0038	NOTEST	1.676505	-4.301191	1.872304	0.333670	10.445083	4.500877	14.642320	18.922049	2.173415	2.071485	1	1	0	0
FBtr0344833	IRSp53-RE	0.037495	NOTEST	0.0086	NOTEST	1.514156	0.740805	1.789703	1.181686	7.257207	1.901499	20.929718	20.622599	1.360545	0.860938	1	0	1	0
FBtr0082404	ninaG-RA	0.028909	NOTEST	0.0049	NOTEST	1.358534	-3.367186	1.939686	0.214769	4.909536	29.160381	21.682914	22.150629	10.376935	18.598450	1	1	1	1
FBtr0072990	CG16753-RA	0.037648	0.090212	0.0087	0.0535	0.527623	-0.195462	1.538374	1.870012	37.921825	22.141406	20.298472	19.604238	7.363500	10.042100	1	1	1	1
FBtr0083876	Rh3-RA	0.004004	NOTEST	0.0001	NOTEST	1.037006	-1.304540	2.757157	0.312602	8.129146	7.055857	18.914699	17.554752	450.858000	929.489500	1	0	1	1
FBtr0070568	CG10802-RA	0.039136	0.106796	0.0097	0.0744	1.003974	-0.383069	2.147160	1.050072	13.575773	103.341948	20.953976	16.581611	7.607060	15.708200	1	1	1	1
FBtr0076597	CG32022-RA	0.037946	NOTEST	0.009	NOTEST	1.118799	-1.533892	1.688810	-0.200840	25.973318	83.324997	21.095710	23.745707	7.683695	8.848990	1	1	1	1
FBtr0333795	DIP-alpha-RC	0.03986	NOTEST	0.0101	NOTEST	0.066508	-3.549131	0.255406	-0.758481	24.044479	11.159122	10.356317	16.439034	3.603325	3.296035	1	0	1	1
FBtr0084805	CG13654-RA	0.038942	NOTEST	0.0096	NOTEST	0.540133	-5.293484	2.630188	-0.862960	44.881753	5.430877	4.296543	23.706192	1.163790	0.796444	1	0	0	0
FBtr0073482	Tim8-RA	0.045609	0.07524	0.013	0.0366	0.924762	0.257031	1.606236	4.381308	21.795765	4.716616	23.361752	20.614741	24.662150	24.566950	1	1	1	1
FBtr0342768	CG3191-RC	0.018307	NOTEST	0.002	NOTEST	0.989885	-3.216313	1.347854	2.105690	14.304015	7.619371	16.183587	20.292610	1.799905	1.741675	1	1	1	1
FBtr0084369	CenB1A-RB	0.048301	NOTEST	0.0149	NOTEST	1.130640	-1.550262	3.073971	1.830161	4.852459	113.140168	15.300042	12.198357	4.574565	7.474660	1	1	1	1
FBtr0333673	CaMKII-RK	0.034078	NOTEST	0.0069	NOTEST	1.019696	-3.852863	1.572255	0.130953	23.355940	11.593230	23.746783	17.730929	3.258150	2.799940	1	1	0	1
FBtr0080226	Csl4-RA	0.012983	0.157989	0.001	0.1541	2.022790	-0.924817	2.130550	2.827913	16.614807	3.810610	21.983308	19.366585	6.747240	8.304185	1	1	1	1
FBtr0086143	Tdc1-RA	0.00999	0.095901	0.0006	0.06	1.707462	-0.099941	3.007507	1.908403	10.475070	91.692504	23.454332	21.400126	5.133190	9.922895	1	0	1	1
FBtr0333155	hwt-RB	0.033382	0.110074	0.0066	0.0791	1.159094	-0.382713	2.293971	0.808152	14.680371	11.833332	19.711865	20.299150	2.087115	1.917540	1	1	1	0
FBtr0089026	Tsp42Eh-RB	0.04638	NOTEST	0.0136	NOTEST	0.762191	-1.112711	2.036751	-0.520854	1.231823	4.317174	21.370667	21.213604	7.895945	15.450200	1	0	1	1
FBtr0336459	CG31145-RF	0.009138	NOTEST	0.0005	NOTEST	2.612241	1.891642	5.236270	3.199780	85.236341	73.673260	19.497558	22.303783	70.751000	83.081600	1	0	1	1
FBtr0089028	Tsp42Ei-RA	0.049564	NOTEST	0.0158	NOTEST	0.585566	-2.926071	0.866021	-1.944448	20.202559	28.634314	18.287514	16.827588	7.185920	13.533250	1	1	1	1
FBtr0300097	Pldn-RB	0.012983	NOTEST	0.001	NOTEST	1.004901	-1.268305	1.226330	1.983119	0.359789	4.473638	0.383452	23.716566	4.132485	5.263105	1	1	1	1
FBtr0070197	CG11378-RA	0.021208	0.137815	0.0026	0.1209	1.147423	-0.702804	2.831268	1.244519	1.261922	1.447466	22.435310	23.691113	1.682825	2.764805	1	1	0	1
FBtr0114586	egl-RB	0.023613	NOTEST	0.0033	NOTEST	1.529843	-3.065991	1.955581	0.081228	23.212472	24.766599	19.693875	22.678064	12.628300	15.023100	1	0	1	1
FBtr0084890	Tnks-RA	0.037433	NOTEST	0.0085	NOTEST	1.087406	0.883409	2.062377	1.403801	16.247825	30.001442	21.188003	23.839798	5.042595	6.085385	1	0	1	1
FBtr0078778	Mms19-RB	0.045639	NOTEST	0.0132	NOTEST	0.654153	0.398046	1.530228	1.635974	88.965073	11.641390	20.959245	18.322442	7.936125	10.128350	1	0	1	1
FBtr0072064	Pi3K59F-RA	0.028219	NOTEST	0.0046	NOTEST	1.283788	1.370091	2.779194	1.391103	9.232590	23.138450	21.143614	23.691620	6.661505	7.212555	1	0	1	1
FBtr0074528	Mvb12-RB	0.022706	0.148646	0.003	0.1394	0.753576	-0.770099	1.556861	-0.589051	9.000842	14.465397	12.535357	16.581017	3.351135	3.415920	1	1	1	1
FBtr0070669	Nsun2-RA	0.009138	0.131523	0.0005	0.1114	2.486949	-0.599779	4.254401	0.945945	73.467192	99.162129	21.319740	19.559937	6.128470	7.716215	1	1	1	1
FBtr0080834	CG4278-RA	0.024315	0.079967	0.0035	0.0414	0.526375	-0.240709	2.978418	0.914084	9.753720	6.299596	19.640146	18.051868	11.740200	15.155250	1	1	1	1
FBtr0081934	CG9839-RA	0.010993	NOTEST	0.0007	NOTEST	2.418382	-1.227579	3.075486	0.581720	20.523249	13.878459	22.503947	23.660633	3.643460	4.081140	1	1	1	1
FBtr0335508	CG31710-RC	0.016056	NOTEST	0.0015	NOTEST	1.597119	-2.454599	3.724252	-0.877610	21.531438	8.369063	16.570449	22.691426	3.529785	3.651000	1	1	1	1
FBtr0089659	Sh-RA	0.038318	0.09973	0.0093	0.0649	0.790605	-0.171731	2.173530	2.338874	5.892972	3.150964	17.260146	16.320479	15.147400	11.023850	1	1	1	1
FBtr0113011	Wdr62-RD	0.025698	0.132685	0.0039	0.1132	1.203497	-0.691758	2.268088	1.394153	6.883904	110.819913	18.426686	14.743615	20.779550	23.129950	1	1	1	1
FBtr0080086	CG5676-RA	0.023613	0.083565	0.0033	0.0454	1.291049	0.008772	1.813234	2.986015	26.611276	1.455943	21.040417	21.576679	49.638900	59.135650	1	1	1	1
FBtr0082634	trus-RA	0.027304	0.119224	0.0043	0.092	1.314444	-0.532449	2.071086	1.887825	28.249472	2.716519	22.145418	23.262897	6.756855	5.723115	1	1	1	1
FBtr0074847	FRG1-RA	0.008325	0.080416	0.0004	0.0419	2.147625	-0.044109	3.990302	0.497747	8.654458	20.957671	20.513170	22.017015	8.423075	8.135055	1	0	1	1
FBtr0080125	CG7300-RB	0.020585	0.122919	0.0025	0.098	1.570831	-0.455460	1.722689	1.559239	0.252435	16.796126	0.145953	21.382647	27.290800	30.175650	1	1	1	1
FBtr0078507	CG11425-RA	0.011853	NOTEST	0.0008	NOTEST	2.463174	-2.465919	3.179190	0.527934	8.459286	2.960903	5.123211	20.295938	1.723140	2.834605	1	1	1	1
FBtr0113694	Gfat1-RH	0.028219	0.083565	0.0046	0.0455	1.488446	0.073999	1.944346	2.984439	10.648288	13.693032	19.617957	20.030996	4.994005	3.746985	1	1	1	1
FBtr0082803	B52-RD	0.039267	0.09017	0.0098	0.0533	1.090746	-0.165101	1.819787	2.025016	9.623614	1.619311	22.929708	23.883083	25.159650	23.711550	1	1	1	1
FBtr0088524	Updo-RA	0.034122	0.125956	0.007	0.1026	0.874376	-0.584575	1.340122	-0.137008	13.526588	11.609976	20.863091	19.395450	11.875150	17.345250	1	1	1	1
FBtr0334748	Srpk79D-RM	0.040346	NOTEST	0.0105	NOTEST	0.851668	-3.452042	1.289381	2.373719	49.016372	8.229657	0.002320	18.882450	3.972435	3.821730	1	1	1	1
FBtr0091785	CG33784-RA	0.008325	NOTEST	0.0004	NOTEST	2.317193	-2.660319	2.784616	0.458903	93.367126	10.654224	6.208676	19.793198	3.629555	1.287845	1	1	1	1
FBtr0087869	nemy-RC	0.048843	NOTEST	0.0153	NOTEST	0.338843	-3.569706	3.176223	2.440889	8.271344	19.186296	18.862591	21.809850	43.332450	35.712000	1	1	1	1
FBtr0300434	Flo2-RG	0.010993	NOTEST	0.0007	NOTEST	2.406265	-1.312396	3.416015	2.182278	16.799337	20.684676	22.033251	22.977171	18.365950	13.498700	1	1	1	1
FBtr0080465	CG6523-RA	0.022218	NOTEST	0.0028	NOTEST	1.182318	0.081648	2.323775	1.880033	18.226987	16.724277	22.193576	21.838880	42.233650	48.504700	1	0	1	1
FBtr0083134	Art3-RA	0.027998	0.151144	0.0045	0.143	2.183155	-0.956032	5.191795	1.347121	43.476434	17.919432	0.030999	22.555018	12.352450	15.416450	1	1	1	1
FBtr0074628	CG15046-RA	0.024315	NOTEST	0.0035	NOTEST	1.583402	-2.524736	1.962783	0.974069	82.309995	7.320719	0.743078	18.624817	3.009465	4.319920	1	1	1	1
FBtr0333453	Rpn10-RB	0.028773	NOTEST	0.0048	NOTEST	0.673737	0.057315	1.350624	0.488299	26.437448	16.912633	22.754534	21.365732	20.514650	29.621500	1	0	1	1
FBtr0333753	Tlk-RM	0.043045	0.139213	0.0119	0.1233	0.370866	-0.724921	3.635240	-0.324381	46.130175	105.876289	14.788436	12.413056	2.921355	2.592705	1	1	1	1
FBtr0070961	CG14438-RA	0.0	NOTEST	0.0	NOTEST	1.735937	-1.657454	3.593166	1.773715	8.614188	11.607303	19.071432	19.337862	6.945115	8.452280	1	1	1	1
FBtr0081427	CG9336-RA	0.0	NOTEST	0.0	NOTEST	3.101982	-1.687805	3.516676	-0.352338	15.454850	81.695963	21.609645	23.631894	251.933500	377.808500	1	0	1	1
FBtr0334067	E(z)-RC	0.04544	NOTEST	0.0129	NOTEST	0.571630	-1.407643	1.045622	-1.031692	37.383045	18.360075	22.310737	21.454400	8.106225	12.307600	1	1	1	1
FBtr0301238	CG9249-RB	0.031077	0.103733	0.0057	0.0703	0.920443	-0.262817	3.689293	1.721989	11.921310	1.699819	21.995653	21.073236	3.174465	4.299390	1	1	1	1
FBtr0290256	yki-RD	0.042794	NOTEST	0.0117	NOTEST	0.668919	-2.459327	1.158704	1.630699	45.022532	5.563815	12.493269	20.188667	1.668740	2.500055	1	1	1	1
FBtr0113768	zyd-RA	0.011853	NOTEST	0.0008	NOTEST	2.078775	-6.599608	3.003478	-0.601912	21.104865	7.156784	18.550397	16.776152	1.141155	3.172295	1	1	0	1
FBtr0071251	CG1789-RA	0.013672	NOTEST	0.0011	NOTEST	1.209677	-1.834114	2.662207	0.198025	17.863007	2.808587	21.423494	22.539341	4.363190	5.718425	1	1	1	1
FBtr0081016	CadN-RE	0.033382	NOTEST	0.0066	NOTEST	1.150220	-3.484323	1.522321	-0.698571	62.257897	68.723065	11.602621	14.563658	9.492300	8.446260	1	1	1	1
FBtr0071847	Liprin-gamma-RB	0.042794	NOTEST	0.0117	NOTEST	1.034719	-3.350334	1.162085	-1.309707	28.309006	0.902747	10.847186	21.752990	9.869325	7.935925	1	1	1	1
FBtr0085362	CG11842-RA	0.040136	NOTEST	0.0103	NOTEST	0.777056	-2.896142	1.765226	-0.272157	20.057792	18.969176	22.438859	22.336079	35.288100	56.044800	1	0	1	1
FBtr0079128	CG7277-RA	0.020585	NOTEST	0.0025	NOTEST	1.055386	0.587523	1.342062	1.060824	13.803267	20.304732	22.908120	22.946030	19.162200	32.289650	1	0	1	1
FBtr0082594	CG5641-RA	0.036062	NOTEST	0.0079	NOTEST	1.129723	-3.011282	3.611375	0.928328	39.628539	16.485734	19.864705	21.644254	8.278460	8.993345	1	0	1	1
FBtr0347061	CG11241-RC	0.035093	NOTEST	0.0074	NOTEST	1.076201	-2.366478	2.066519	2.651543	103.716522	29.164403	9.340093	12.913545	1.577630	2.006325	1	1	1	1
FBtr0079841	GlcAT-S-RA	0.030324	0.094499	0.0054	0.0584	0.721810	-0.074571	1.132805	1.235282	73.920997	0.223759	3.558757	23.256491	27.277900	27.401000	1	1	1	1
FBtr0339921	eyg-RC	0.018893	0.153098	0.0021	0.1463	0.943399	-0.870737	3.385454	-0.297821	0.466636	1.300256	22.383968	21.790949	1.765990	1.658140	1	1	1	1
