geneID	symbol	yQvalue	oQvalue	yPvalue	oPvalue	yRP24	oRP24	ySP	oSP	yPVEC	oPVEC	yPhase	oPhase	yMedian	oMedian	yDetectable	oDetectable	yNonZero	oNonzero
FBtr0074175	UBL3-RB	0.040287	0.044159	0.0104	0.012	0.064778	0.440700	1.467871	1.917468	14.372492	6.079654	21.149679	18.036544	6.891200	4.812430	1	1	1	1
FBtr0335491	Slob-RK	0.007493	0.023784	0.0003	0.0032	1.847579	1.251643	2.442454	2.746304	30.891272	17.932709	9.105796	8.227350	22.734700	23.631300	1	1	1	1
FBtr0302639	Pka-R1-RX	0.023613	0.039006	0.0033	0.0089	1.192264	0.921412	1.262658	2.043302	31.476977	51.834823	0.615550	1.529712	10.087425	12.633300	1	1	1	1
FBtr0347285	CG33939-RB	0.009138	0.040674	0.0005	0.0097	2.314766	1.018579	2.623401	3.240230	9.033293	35.915875	2.974114	1.200461	8.808735	6.119495	1	1	1	1
FBtr0087604	RN-tre-RB	0.021654	0.035569	0.0027	0.0074	1.907010	0.736356	4.037344	1.437395	1.143576	51.816202	2.615448	3.452027	4.527315	5.227390	1	1	1	1
FBtr0339098	CG44247-RB	0.023507	0.018637	0.0032	0.0019	1.934428	2.435200	3.538842	4.788894	74.438285	106.900017	7.200240	7.662596	62.637150	68.499550	1	1	1	1
FBtr0088422	Pfk-RB	0.008325	0.0	0.0004	0.0	2.594640	3.419732	2.660043	3.563821	7.072845	54.020371	5.164728	5.836708	46.248050	41.121250	0	1	1	1
FBtr0331842	CG7564-RB	0.019809	0.01179	0.0023	0.0008	1.393129	1.461249	3.673767	3.214461	59.268394	76.103618	2.539358	3.186702	28.147050	26.338500	1	0	1	1
FBtr0340622	ND-24-RB	0.033871	0.032697	0.0068	0.0059	0.803119	1.110207	1.593600	3.899581	10.149672	1.602842	22.807930	0.830851	34.203100	44.458550	1	1	1	1
FBtr0088425	RpLP0-like-RA	0.037648	0.016938	0.0087	0.0016	1.068110	2.201920	1.952626	2.761756	72.674201	0.689901	23.086942	21.976649	7.576000	9.613330	1	1	1	1
FBtr0074153	CG9170-RA	0.031077	0.041383	0.0057	0.01	0.651040	0.793117	1.489278	1.047559	9.733714	5.176024	7.333280	5.308303	8.898045	8.759880	1	1	1	1
FBtr0089050	Ady43A-RA	0.023063	0.0	0.0031	0.0	0.778586	1.736664	1.285436	4.243164	23.273527	0.368183	1.092425	0.570176	20.199350	11.391500	1	1	1	1
FBtr0088905	Cyt-b5-RB	0.004004	0.009636	0.0001	0.0005	2.805020	1.653915	3.751879	3.936410	31.104487	0.346086	1.345841	0.357179	116.808500	135.213000	1	1	1	1
FBtr0300598	ATPCL-RF	0.025698	0.047102	0.0039	0.0141	1.340352	0.981763	3.122408	1.804278	49.285017	86.061067	6.057420	8.718252	15.319650	24.675700	1	1	1	1
FBtr0081340	Taf13-RA	0.020077	0.033669	0.0024	0.0064	1.299833	0.818036	1.318434	3.077993	1.623710	0.666256	1.090464	1.963819	11.777550	15.087900	1	1	1	1
FBtr0300048	CG34180-RB	0.0	0.0	0.0	0.0	2.413504	2.584241	4.263532	5.062029	1.689553	0.969391	22.592644	21.819211	8.833525	4.473710	1	1	1	1
FBtr0083566	14-3-3epsilon-RB	0.048499	0.020338	0.0151	0.0023	0.960632	1.239305	1.843587	6.813675	16.445910	1.197517	4.705691	1.309800	69.893050	77.141950	1	1	1	1
FBtr0112422	CG34229-RA	0.038458	0.033998	0.0094	0.0067	0.414637	1.115124	1.217381	1.826952	12.869559	2.285917	20.691629	20.350673	8.393985	9.246575	1	1	1	1
FBtr0082926	CG31321-RB	0.006281	0.005754	0.0002	0.0002	2.666590	2.531192	5.740455	4.459260	0.910288	1.445658	1.833269	0.894125	6.356420	7.292280	1	1	1	1
FBtr0078785	CG1161-RA	0.022501	0.044016	0.0029	0.0118	0.294585	0.815246	0.553101	2.170493	21.476132	7.984124	23.601419	2.239052	9.210350	10.322300	1	1	1	1
FBtr0078787	RpII18-RA	0.014403	0.003712	0.0012	0.0001	1.989274	1.777387	2.504511	3.615406	14.528149	2.136897	23.271495	0.581568	15.307300	17.540300	1	1	1	1
FBtr0076304	CG32055-RA	0.028219	0.01179	0.0046	0.0008	1.385822	2.178001	1.797131	2.328098	79.945314	61.885990	7.287965	6.756729	2.025540	2.016790	1	1	1	1
FBtr0112922	Gasp-RB	0.030821	0.0	0.0056	0.0	1.201576	4.352443	2.109280	5.368036	0.647193	14.559743	1.966358	0.917017	17.058650	21.956950	1	1	1	1
FBtr0079589	CG8419-RA	0.020077	0.011106	0.0024	0.0007	2.939234	3.344231	6.216163	5.773666	28.118551	12.685479	19.997443	19.905805	3.043565	3.361730	1	1	1	1
FBtr0087678	CG6191-RA	0.033164	0.0	0.0065	0.0	1.056001	3.230273	1.768638	3.320542	40.927436	17.585309	2.229133	2.586358	21.224100	20.349400	1	1	1	1
FBtr0070651	norpA-RA	0.015557	0.041581	0.0014	0.0102	1.235111	0.779573	1.835615	0.895711	31.865288	16.027908	14.117355	7.235036	324.513000	331.148000	1	1	1	1
FBtr0078995	CG14043-RA	0.030526	0.019427	0.0055	0.0021	0.593286	1.576525	0.904568	1.882415	76.153600	74.970665	20.865760	20.484754	7.659905	9.157265	1	0	1	1
FBtr0332883	Nmda1-RI	0.026865	0.023009	0.0042	0.003	1.247026	1.598890	2.352596	2.856291	69.529032	20.691157	7.951960	9.376550	140.981000	216.218000	1	1	1	1
FBtr0273437	Cubn-RB	0.004004	0.0	0.0001	0.0	3.238348	3.274178	3.381219	4.644500	13.104588	70.533304	7.840751	8.140186	2.114955	2.726435	1	1	1	1
FBtr0340336	CG44422-RB	0.036062	0.020338	0.0079	0.0023	0.814904	1.470410	1.781358	3.805539	1.330151	0.681312	1.146746	1.966960	2.421765	2.105895	1	1	1	1
FBtr0302388	CG30054-RE	0.022501	0.007274	0.0029	0.0003	1.290745	2.274849	2.116204	3.661864	5.138174	10.497426	1.175044	1.844042	81.524400	88.990950	1	1	1	1
FBtr0070477	per-RA	0.007493	0.0	0.0003	0.0	3.093835	3.346409	4.544007	4.714237	42.308130	83.509479	12.366392	10.282145	2.984810	6.423215	1	1	1	1
FBtr0082568	CG4115-RA	0.020077	0.021821	0.0024	0.0027	1.717497	1.461855	1.988207	2.163770	81.827563	30.331646	4.852461	0.818407	5.510535	5.453580	1	1	1	1
FBtr0071682	pirk-RA	0.027998	0.047375	0.0045	0.0143	0.795475	0.991887	1.285383	1.684289	12.804556	12.693349	3.945257	23.566788	2.166800	3.819380	1	1	1	1
FBtr0077334	obst-A-RA	0.024682	0.01179	0.0036	0.0008	1.214282	1.311068	3.370801	2.240218	60.847267	65.595480	4.729837	4.702554	7.223970	6.335900	1	1	1	1
FBtr0304714	Usp8-RB	0.0	0.0	0.0	0.0	3.639004	5.409712	5.440574	6.024671	36.298753	29.575650	11.165151	10.347435	25.348450	39.146000	1	1	1	1
FBtr0300276	CG6967-RC	0.008325	0.026577	0.0004	0.004	4.467581	1.410109	4.686401	2.712846	17.641752	9.179888	22.216811	18.988568	1.871050	1.661940	1	1	1	1
FBtr0112890	fz2-RC	0.033164	0.043683	0.0065	0.0115	1.085078	0.811392	2.258491	4.204913	114.309258	78.559671	11.227026	9.663053	14.495200	19.790700	1	1	1	1
FBtr0074870	CG14186-RA	0.0	0.0	0.0	0.0	4.311746	4.492612	5.531242	4.659354	75.140782	28.435330	9.064845	9.735648	34.596400	42.663300	1	1	1	1
FBtr0073270	Chd64-RB	0.011853	0.007274	0.0008	0.0003	2.380112	2.287768	2.862867	3.473303	52.800003	5.222115	1.802779	1.991381	74.377100	116.700500	1	1	1	1
FBtr0081832	mRpL1-RA	0.027705	0.042756	0.0044	0.011	1.107196	0.402201	1.988641	1.449924	16.891691	1.376293	22.061039	21.658363	5.011770	6.907790	1	1	1	1
FBtr0073375	Con-RA	0.018021	0.022182	0.0019	0.0028	1.408152	2.066850	1.473433	2.394629	24.521184	50.904312	2.493003	2.547565	5.507605	5.084790	1	1	1	1
FBtr0078147	CG3709-RA	0.029042	0.0	0.005	0.0	1.206850	3.473724	1.796192	5.961671	43.594489	99.142887	19.439481	18.957510	4.615970	4.690720	1	1	1	1
FBtr0071670	eIF3k-RA	0.012983	0.017474	0.001	0.0017	0.966370	1.442669	1.688883	4.007698	12.707411	0.515126	0.576745	1.626352	71.170700	71.927450	1	1	1	1
FBtr0343129	ND-51-RB	0.006281	0.048728	0.0002	0.0153	2.109682	0.207378	2.398341	2.414466	3.606805	1.083189	22.374559	0.664598	45.433150	74.073000	1	1	1	1
FBtr0078342	Tsr1-RA	0.012521	0.042524	0.0009	0.0107	1.483904	0.572144	2.083430	1.871197	54.479082	1.664714	21.870245	22.376377	6.918700	9.495390	1	1	1	1
FBtr0334140	Pde1c-RG	0.042507	0.028574	0.0115	0.0046	0.732478	1.355514	1.357409	2.251519	82.577001	3.231213	0.967245	1.167244	13.175450	14.434700	1	0	1	1
FBtr0273310	Tsp97E-RD	0.008325	0.03446	0.0004	0.0069	2.831897	1.178635	3.619441	4.079520	58.109404	67.310699	6.570467	7.079359	6.289035	7.025985	1	1	1	1
FBtr0072594	dpr20-RA	0.044123	0.014577	0.0124	0.0012	0.567184	0.599492	1.360031	2.334646	42.629136	0.046948	23.911986	23.916947	4.533680	4.077715	0	1	1	1
FBtr0345147	CG9449-RK	0.027304	0.040922	0.0043	0.0098	0.943958	0.798387	1.186400	2.796790	9.569597	79.590500	4.305529	3.579616	6.736470	10.081485	1	1	1	1
FBtr0080590	bgm-RA	0.018021	0.007274	0.0019	0.0003	1.642972	1.364977	5.757436	6.557133	3.642535	0.938941	2.487137	0.755155	62.729500	82.873700	1	1	1	1
FBtr0075758	CG32137-RB	0.049428	0.021564	0.0157	0.0026	0.623014	1.673360	1.190361	2.921715	14.210775	104.049147	6.518310	6.569042	5.548420	6.702465	1	1	1	1
FBtr0085733	Alp4-RA	0.030085	0.0	0.0053	0.0	0.664550	2.272468	2.386182	4.207579	10.724411	0.424593	22.939264	0.398152	8.649595	10.444775	1	1	1	1
FBtr0076005	CG11529-RA	0.037798	0.045142	0.0089	0.0128	1.133154	0.790430	2.938966	3.129884	25.484401	24.808066	10.805010	10.695893	5.077845	6.350610	1	1	1	1
FBtr0075023	CG6836-RA	0.028909	0.035342	0.0049	0.0073	1.553018	1.401058	4.258906	2.283343	21.506301	52.658160	23.338395	21.911012	10.007870	11.912700	1	1	1	1
FBtr0079164	obst-E-RB	0.04544	0.046723	0.0129	0.0138	0.591048	0.251046	2.706756	0.757849	23.297031	16.014635	23.052320	21.776868	7.338585	9.217800	1	1	1	1
FBtr0079372	CG13773-RA	0.012521	0.044142	0.0009	0.0119	2.540809	0.882607	2.714313	1.018393	9.469474	12.913815	22.490977	21.377258	5.225215	6.936865	1	1	1	1
FBtr0304001	Rbp1-like-RB	0.042034	0.027683	0.0113	0.0043	0.997224	1.740865	4.289791	6.032368	3.380519	4.173456	2.604012	3.380535	69.054250	61.960900	0	1	1	1
FBtr0082417	CG18764-RA	0.036062	0.036087	0.0079	0.0077	0.216922	0.689291	1.266582	2.636795	12.235517	7.914975	20.568114	18.842954	5.339825	6.397355	1	1	1	1
FBtr0344633	sr-RE	0.019809	0.038551	0.0023	0.0087	2.454506	1.315710	3.358701	2.879599	70.723522	70.517028	8.031742	8.937131	4.949415	6.383660	1	1	1	1
FBtr0082384	mRpL40-RA	0.018307	0.016938	0.002	0.0016	1.992139	1.458516	2.846569	2.032815	76.461923	4.362084	21.671733	22.928427	5.254510	6.435005	1	1	1	1
FBtr0080182	porin-RA	0.03291	0.015735	0.0064	0.0014	1.218848	1.801080	1.549859	2.031376	7.907034	43.990898	2.571368	2.454026	296.207500	304.530000	1	1	1	1
FBtr0070900	CG3823-RA	0.007493	0.005754	0.0003	0.0002	1.371053	2.352199	3.542718	4.404927	0.327145	0.004608	1.050417	0.133334	9.285710	12.216650	1	1	1	1
FBtr0079807	Mco1-RA	0.014986	0.0	0.0013	0.0	1.281077	2.600614	2.510615	3.162541	47.024982	38.884069	12.256824	13.223882	2.767160	4.046105	1	1	1	1
FBtr0083784	ort-RA	0.031077	0.033524	0.0057	0.0063	1.800815	1.397483	5.709664	2.538644	3.425594	8.127227	20.680585	5.452794	10.363095	8.885225	1	1	1	1
FBtr0333762	Ntf-2-RE	0.024682	0.04612	0.0036	0.0133	0.558423	0.901239	5.626847	3.554547	83.529357	100.089664	5.306346	6.817914	1.724290	2.619425	1	1	1	1
FBtr0301488	Lkb1-RJ	0.008325	0.039006	0.0004	0.0089	1.374105	0.589424	2.403185	1.130046	27.432655	33.339207	22.855008	23.376876	3.199680	3.291380	1	1	1	1
FBtr0299698	prom-RB	0.0	0.028574	0.0	0.0046	4.609234	1.912637	5.203864	2.244600	24.064535	19.208633	19.892604	21.780184	11.896220	8.519690	1	1	1	1
FBtr0086126	Mccc2-RA	0.041496	0.024052	0.0111	0.0033	0.698499	1.318993	1.994622	2.078449	14.562264	13.586796	20.923323	20.869666	8.120650	9.070265	1	0	1	1
FBtr0333768	Smr-RG	0.042891	0.043758	0.0118	0.0116	0.645032	0.927566	2.920692	2.035525	97.030886	120.445312	9.600722	11.799630	14.076950	17.187500	1	0	1	1
FBtr0089944	CG9272-RA	0.004004	0.027332	0.0001	0.0042	2.036115	1.456873	3.135671	2.625185	45.873214	18.539697	4.153752	4.560283	5.254315	5.718320	1	1	1	1
FBtr0089497	Gdh-RF	0.008325	0.021821	0.0004	0.0027	2.130943	1.193803	2.651602	2.370602	7.626987	0.209400	22.460698	0.895143	18.328500	14.314050	1	1	1	1
FBtr0088373	CG1671-RA	0.02971	0.025112	0.0052	0.0036	1.107971	1.025337	2.668630	3.091731	76.849808	15.810181	20.912992	20.941460	6.288545	8.375265	1	1	1	1
FBtr0342673	CG11099-RB	0.011853	0.011106	0.0008	0.0007	2.166575	2.035948	2.198071	3.088602	25.866064	91.633174	22.458320	0.153622	45.975850	30.044000	1	1	1	1
FBtr0084214	PyK-RA	0.008325	0.007274	0.0004	0.0003	1.827000	2.490021	1.967390	3.659387	11.545050	1.441287	23.198491	0.485298	72.089950	40.237450	1	1	1	1
FBtr0078825	rtp-RA	0.0	0.026261	0.0	0.0039	2.188857	0.423291	5.356928	4.441030	0.165442	0.359902	0.198771	0.477052	46.815200	47.506250	1	1	1	1
FBtr0084213	PyK-RB	0.032253	0.047923	0.0061	0.0148	1.272810	0.857216	2.054133	1.591270	48.000581	3.877476	6.250952	4.821833	41.708950	78.167450	1	1	1	1
FBtr0087512	LamC-RA	0.040464	0.003712	0.0106	0.0001	0.891057	2.083608	1.576433	2.781923	23.816118	71.579729	2.611653	4.103956	13.398100	18.899950	0	1	1	1
FBtr0302409	CG17691-RE	0.032454	0.007274	0.0062	0.0003	1.233034	2.302880	2.053953	2.763293	1.471257	6.351261	2.968954	3.233749	173.692000	168.376500	1	1	1	1
FBtr0112527	CG34325-RA	0.038236	0.034274	0.0092	0.0068	1.190242	0.991720	2.844860	2.084914	4.998257	3.406470	2.948142	2.839992	9.016075	23.042000	1	1	1	1
FBtr0080336	CG17211-RA	0.041811	0.022646	0.0112	0.0029	0.572944	1.796396	2.210841	2.972708	63.158033	77.227902	5.479468	6.786683	7.151555	2.834145	1	1	1	1
FBtr0087455	Cyp6a8-RA	0.038458	0.031288	0.0094	0.0055	0.608240	1.063615	0.833032	2.368345	45.565885	93.911473	3.268397	5.500949	16.416900	23.334900	1	1	1	1
FBtr0336747	RtGEF-RF	0.025698	0.044884	0.0039	0.0126	1.209997	0.255448	2.278366	0.899581	22.846439	72.934324	21.403525	4.433221	1.771280	2.942945	1	1	1	1
FBtr0073158	CG14977-RA	0.03291	0.019427	0.0064	0.0021	0.932597	1.611368	1.749314	2.732759	1.442451	2.057415	0.935984	3.247469	16.061100	18.689300	1	1	1	1
FBtr0089931	Rab32-RB	0.012983	0.022182	0.001	0.0028	1.217333	1.316758	2.785741	2.659616	10.584927	37.649898	19.939687	18.654263	7.140295	7.321935	1	1	1	1
FBtr0078745	kra-RG	0.008325	0.0	0.0004	0.0	2.395904	3.792801	3.507909	4.419616	4.733506	3.631603	5.282994	4.478921	293.936500	332.544000	1	1	1	1
FBtr0072150	Fmo-1-RA	0.010993	0.012733	0.0007	0.0009	2.452105	2.286681	3.193554	5.244070	16.325647	1.277215	21.691025	21.302825	9.782175	8.107080	1	1	1	1
FBtr0290130	CG6910-RB	0.049863	0.025455	0.016	0.0037	0.574970	1.393916	4.662933	3.701569	63.527936	49.867383	7.410414	4.930237	260.650000	447.764500	1	1	1	1
FBtr0303857	kst-RF	0.009138	0.024513	0.0005	0.0034	1.985823	1.996520	2.237024	3.278551	14.245751	91.429759	21.120604	23.383614	11.041850	15.610450	1	1	1	1
FBtr0114505	CG10513-RB	0.014403	0.046386	0.0012	0.0135	2.634526	0.847729	3.870147	2.215028	6.088774	92.058484	1.944856	0.524077	37.450700	36.995200	1	1	1	1
FBtr0083189	cv-d-RA	0.024682	0.033998	0.0036	0.0067	1.534562	0.879545	2.104040	2.819882	34.744109	50.569698	6.009555	5.418903	28.372100	42.313400	1	1	1	1
FBtr0344222	Ank2-RY	0.033382	0.033998	0.0066	0.0067	1.530906	1.370011	2.430495	2.251726	22.303819	39.607813	19.989904	19.849970	5.268730	2.975305	1	1	1	1
FBtr0304963	Cam-RC	0.017516	0.003712	0.0018	0.0001	2.402945	3.603460	5.124865	3.904727	80.182058	72.730229	7.817178	8.858318	1114.113000	682.512000	1	1	1	1
FBtr0080095	CG18302-RA	0.023613	0.014133	0.0033	0.0011	0.842830	1.625425	1.113380	1.825720	89.942433	64.074193	14.795599	13.493449	7.026815	4.072785	1	1	1	1
FBtr0083736	cry-RA	0.0	0.0	0.0	0.0	4.887021	5.002452	6.440354	6.050938	6.926466	41.099747	3.291117	3.208977	46.858350	47.014200	1	1	1	1
FBtr0073335	CG15019-RA	0.042794	0.047923	0.0117	0.0148	0.837077	0.316932	1.367619	0.361918	67.566474	3.419069	23.792836	1.015622	42.687600	46.273050	1	1	1	1
FBtr0331834	lqf-RH	0.013672	0.04264	0.0011	0.0108	1.631499	0.675678	3.859005	4.008225	64.122215	81.779530	4.505242	5.417009	1.317725	1.120705	1	1	1	1
FBtr0086516	Tab2-RA	0.030526	0.034557	0.0055	0.007	0.985985	0.177955	2.675296	1.010909	12.959438	0.800557	20.879582	0.593219	8.199730	12.308000	1	1	1	1
FBtr0100009	drd-RA	0.023507	0.021821	0.0032	0.0027	1.589715	1.768460	2.505336	1.960814	76.338045	95.455010	8.338006	7.762962	8.954555	5.215435	1	1	1	1
FBtr0077266	CG15449-RA	0.034646	0.030065	0.0072	0.0051	1.107428	0.864247	1.164552	3.002852	13.329889	0.965531	20.015553	14.387954	8.603080	9.264700	1	1	1	1
FBtr0081254	Tep4-RA	0.009138	0.043198	0.0005	0.0112	1.763877	0.382691	2.483503	1.988592	35.755432	56.455726	1.457750	6.338189	6.172770	14.998950	1	1	1	1
FBtr0072129	ken-RA	0.029042	0.03446	0.005	0.0069	1.451404	1.108041	3.799269	1.929731	34.543293	29.053859	4.034058	2.956032	3.609570	4.716035	1	1	1	1
FBtr0299526	l(1)G0196-RK	0.04087	0.007274	0.0108	0.0003	0.656340	2.562875	2.051765	3.921037	1.020453	2.151185	1.449243	2.533757	28.943700	25.625750	1	1	1	1
FBtr0078197	CG5955-RA	0.016684	0.011106	0.0016	0.0007	1.588246	2.375552	2.481446	2.438304	29.182723	38.003129	23.898068	1.429551	19.781500	27.322550	1	1	1	1
FBtr0088764	CG2121-RA	0.0	0.010249	0.0	0.0006	3.100407	3.331379	4.191192	5.251198	21.383141	70.213405	10.784649	8.414648	10.062360	24.351100	1	1	1	1
FBtr0301297	CG9775-RD	0.049428	0.044621	0.0157	0.0124	0.724257	0.611428	2.189698	1.399672	1.318892	1.523346	2.035689	2.840518	33.913350	27.597200	0	1	1	1
FBtr0070420	Vinc-RA	0.006281	0.005754	0.0002	0.0002	2.719548	2.696926	3.969032	3.965147	79.364599	74.050036	7.767599	6.397818	18.852950	23.019850	1	1	1	1
FBtr0089023	Tsp42Ef-RA	0.017516	0.026577	0.0018	0.004	1.892375	1.266006	3.219804	1.417427	1.909155	99.288160	3.383943	3.930917	30.922500	54.117500	1	0	1	1
FBtr0331506	CG43779-RA	0.019809	0.044379	0.0023	0.0122	1.366113	0.949258	2.837127	1.868680	41.461748	72.783135	9.485410	6.085989	2.390505	1.505955	1	1	1	1
FBtr0080474	CG9377-RA	0.017516	0.0	0.0018	0.0	0.602059	3.432248	2.092509	6.334949	27.830452	46.173627	6.650187	2.911540	10.721400	8.102385	1	1	1	1
FBtr0345089	Svil-RG	0.023063	0.040256	0.0031	0.0095	2.284601	1.253371	3.423979	3.828238	5.743545	11.020020	20.261625	18.560651	2.117475	2.181365	1	1	1	1
FBtr0306944	CG43341-RA	0.014986	0.03761	0.0013	0.0083	1.867570	0.757450	3.003962	2.005198	19.755421	13.332269	22.554828	20.938579	5.090025	4.844215	1	1	1	1
FBtr0339970	RpS23-RB	0.038458	0.039656	0.0094	0.0092	0.576329	1.222057	0.860306	5.989464	25.956939	2.847539	1.961026	2.424646	912.020000	1238.550000	1	1	1	1
FBtr0073203	CG1136-RA	0.0	0.014133	0.0	0.0011	4.210198	1.881230	5.119982	5.615157	76.995201	62.686354	5.294449	4.911778	10.659150	12.865000	1	1	1	1
FBtr0310444	CG1628-RC	0.009138	0.01179	0.0005	0.0008	1.841132	1.837206	2.361944	2.857470	94.810469	94.710906	11.581165	11.627356	41.231850	30.451850	1	1	1	1
FBtr0334483	bt-RI	0.019426	0.049692	0.0022	0.0159	0.639462	0.357649	1.043532	1.877432	33.778666	10.478951	15.489091	16.136336	10.628050	15.527500	1	1	1	1
FBtr0080979	CG15141-RA	0.021654	0.029738	0.0027	0.005	1.645792	0.974586	1.931060	1.013785	0.013455	0.664717	0.178542	22.070584	7.415115	7.841760	1	1	1	1
FBtr0076961	SP1173-RB	0.029042	0.023784	0.005	0.0032	1.799802	1.359906	3.028373	1.945169	8.451671	2.671638	4.148409	3.486122	28.769500	31.939850	1	1	1	1
FBtr0301203	CG8547-RC	0.034122	0.0	0.007	0.0	1.031029	2.076071	1.937864	2.244122	8.426862	38.937244	1.802110	3.272067	36.806150	48.901750	0	1	1	1
FBtr0299796	CG42329-RA	0.014986	0.04386	0.0013	0.0117	2.065883	1.234251	2.859916	1.749589	29.226736	24.963113	4.019053	23.962817	8.976235	5.947255	1	1	1	1
FBtr0307093	salr-RC	0.038318	0.035735	0.0093	0.0075	0.929510	1.042800	2.971581	1.742121	2.930086	0.848402	20.210135	23.315135	2.011935	2.533175	1	0	1	1
FBtr0084723	CG31121-RA	0.004004	0.0	0.0001	0.0	3.779699	2.712094	4.444494	3.136786	9.875305	70.685390	5.957051	6.734984	2.006015	2.669315	1	1	1	1
FBtr0071300	Bap111-RA	0.028909	0.040424	0.0049	0.0096	0.092512	0.351218	2.808032	3.909381	10.900840	8.402275	19.948394	18.980932	5.877865	7.136160	1	1	1	1
FBtr0082071	CG16789-RA	0.014403	0.009636	0.0012	0.0005	2.208160	2.205395	3.587526	4.589062	60.579747	91.786211	6.328664	6.569246	1.772255	1.429085	1	1	1	1
FBtr0301847	NKAIN-RF	0.040287	0.029464	0.0104	0.0049	0.506805	1.276924	1.827001	1.683973	6.028166	79.140787	6.012785	7.865791	63.131050	64.872250	1	0	1	1
FBtr0084317	CG4721-RA	0.047472	0.046723	0.0144	0.0138	0.650655	0.866226	2.030876	1.135511	24.978137	31.337557	4.993153	6.183361	47.395800	96.843200	1	0	1	1
FBtr0084319	CG4725-RA	0.032253	0.021564	0.0061	0.0026	1.238456	1.720432	2.874934	3.799345	22.681187	50.984541	4.733516	5.022948	4.362480	7.938830	1	1	1	1
FBtr0334094	ND-SGDH-RB	0.022706	0.042524	0.003	0.0107	0.928923	0.561841	1.490332	1.975609	5.008887	0.656060	0.804763	1.982569	217.882000	228.453500	1	1	1	1
FBtr0073294	DOR-RD	0.020077	0.029125	0.0024	0.0048	1.036400	1.255706	1.350065	2.346931	47.438882	57.515836	3.672974	4.693020	34.804700	23.707000	1	1	1	1
FBtr0073527	bif-RC	0.038458	0.036087	0.0094	0.0077	0.045802	1.095949	2.254553	2.827079	11.760776	32.008075	20.181332	21.701850	7.755390	10.389500	1	1	1	1
FBtr0299509	DCX-EMAP-RC	0.006281	0.022182	0.0002	0.0028	2.787041	1.640407	5.351200	1.819380	104.137256	6.597038	6.408867	5.847192	1.128912	1.158736	1	1	1	1
FBtr0086906	Ns2-RA	0.020077	0.038333	0.0024	0.0086	1.550936	0.596955	2.121796	3.507110	24.815740	1.357204	21.328202	23.442885	10.678600	14.991050	1	1	1	1
FBtr0086738	pAbp-RA	0.013672	0.044793	0.0011	0.0125	1.539777	0.537615	1.972586	2.118605	1.636339	1.708501	1.018602	2.717897	164.293000	225.160500	1	1	1	1
FBtr0085455	Obp99d-RA	0.006281	0.042756	0.0002	0.011	2.187810	0.832260	2.528763	3.066404	16.141438	53.692397	1.929277	3.762027	6.806540	9.111510	1	1	1	1
FBtr0071909	inaD-RA	0.0	0.0	0.0	0.0	4.628145	4.182956	5.665566	5.615404	1.141744	1.863092	23.049126	0.359115	32.189400	32.726350	1	1	1	1
FBtr0079507	CG13794-RA	0.018021	0.019089	0.0019	0.002	1.655391	2.076016	2.007239	2.573817	78.828039	72.006230	8.972382	8.617497	32.146950	37.479650	1	1	1	1
FBtr0088340	CAP-RG	0.023063	0.01179	0.0031	0.0008	1.382671	2.755457	4.436112	2.838754	3.614262	42.289018	2.991829	2.633338	2.822610	4.164155	1	1	1	1
FBtr0088438	Pka-R2-RB	0.018307	0.039006	0.002	0.0089	1.160533	0.759793	3.587983	4.740092	7.732762	8.447341	6.636006	5.164434	72.014000	68.330100	0	1	1	1
FBtr0088348	CG12909-RA	0.024912	0.025112	0.0037	0.0036	1.499569	0.938129	1.666830	2.043408	15.437066	1.641384	20.568644	21.612209	2.868170	3.737320	1	1	1	1
FBtr0072776	mRpL46-RA	0.014986	0.003712	0.0013	0.0001	1.346239	2.424017	4.034505	2.819341	11.966300	1.361066	20.358387	21.272286	10.111090	11.748150	1	1	1	1
FBtr0110906	Ekar-RB	0.035982	0.028027	0.0078	0.0044	1.178490	0.905062	3.801612	3.997514	1.765070	0.689705	3.022559	1.884863	29.150950	22.607650	1	1	1	1
FBtr0078227	mRpL15-RA	0.014403	0.033257	0.0012	0.0062	0.755143	1.419656	3.304838	3.361795	13.449740	1.966104	20.946360	20.661208	3.708970	4.538365	1	1	1	1
FBtr0078225	CG11796-RA	0.007493	0.003712	0.0003	0.0001	2.399006	4.276385	3.984781	4.656842	92.624457	27.292608	2.741071	4.316741	68.435400	94.231050	1	1	1	1
FBtr0084851	CG10562-RA	0.028433	0.0	0.0047	0.0	0.931185	2.319338	1.342498	5.201944	36.396304	1.503249	1.386233	0.980352	7.596035	9.874365	1	1	1	1
FBtr0073064	CG12016-RB	0.037648	0.020616	0.0088	0.0024	0.485848	1.872773	0.529682	2.786231	17.139395	88.539643	9.407458	9.705444	52.868800	58.526450	1	1	1	1
FBtr0073062	Drsl5-RA	0.022501	0.025789	0.0029	0.0038	1.601025	1.739830	2.565109	2.090312	30.217356	2.493126	1.364318	2.632205	107.964000	114.824500	1	1	1	1
FBtr0340041	CG16952-RE	0.016056	0.033257	0.0015	0.0062	1.585796	1.099392	2.409079	1.942583	9.435402	79.612793	19.523464	20.300837	5.853140	5.363265	1	1	1	1
FBtr0088933	CG30497-RB	0.004004	0.0	0.0001	0.0	2.720263	3.463434	5.514399	5.431656	32.466421	75.056290	9.697031	7.055544	28.606450	30.198850	1	1	1	1
FBtr0087934	CG8545-RA	0.030526	0.013512	0.0055	0.001	1.211372	2.074029	2.042450	2.472992	87.473270	22.123947	20.985995	23.122647	3.642695	4.814960	1	1	1	1
FBtr0342936	vri-RE	0.038318	0.029738	0.0093	0.005	0.605865	0.971526	0.710078	3.021967	55.254798	64.192586	12.069305	14.669531	1.505025	3.593400	1	1	1	1
FBtr0339237	CG11221-RB	0.017147	0.035056	0.0017	0.0072	1.506694	1.233837	2.559044	1.532097	10.588502	35.538451	7.683231	8.750832	15.905650	10.887600	1	1	1	1
FBtr0078417	CG9391-RA	0.022501	0.030953	0.0029	0.0054	1.357654	0.753222	1.860182	3.239233	14.021541	0.248400	23.354563	1.204308	20.177100	21.833650	1	1	1	1
FBtr0110882	Wdr62-RB	0.037648	0.026261	0.0088	0.0039	0.288171	1.551893	0.513212	2.125763	7.269059	54.382321	6.247394	5.664678	13.240100	26.132200	1	1	1	1
FBtr0072281	tamo-RA	0.012521	0.021143	0.0009	0.0025	1.871886	0.806925	1.962123	1.888531	60.725027	48.084765	4.121936	4.214577	12.624600	15.627050	1	1	1	1
FBtr0336692	Tao-RJ	0.027998	0.0	0.0045	0.0	1.051403	2.605209	2.601447	3.547341	1.107439	81.444631	2.569215	4.887334	4.049590	4.414490	1	1	1	1
FBtr0088227	CG12325-RA	0.034646	0.033869	0.0072	0.0065	1.163143	0.874977	2.912714	1.432796	55.814473	27.018640	22.391918	23.561172	5.139150	5.627960	1	1	1	1
FBtr0302786	Lmpt-RK	0.019809	0.011106	0.0023	0.0007	2.547036	2.920215	5.755341	3.667180	21.242503	27.099709	23.261344	0.747626	5.276815	5.248940	1	1	1	1
FBtr0114537	Pdh-RD	0.018307	0.015735	0.002	0.0014	1.914103	1.005647	2.692549	5.023462	3.546364	0.450991	0.981347	1.590071	141.905500	77.524900	1	1	1	1
FBtr0114536	Pdh-RC	0.0	0.0	0.0	0.0	1.534139	1.454706	5.419662	5.465914	0.112739	0.165974	0.707123	0.955287	281.225500	264.782500	1	1	1	1
FBtr0332775	SCCRO4-RD	0.04638	0.021821	0.0136	0.0027	0.310587	2.205993	0.443955	3.541948	39.795638	2.980063	2.991734	4.226154	17.882600	18.213400	1	1	1	1
FBtr0071691	CG10433-RB	0.00999	0.007274	0.0006	0.0003	2.185292	2.786756	3.075131	4.297557	0.944550	1.679252	1.489023	1.988840	129.968500	187.870000	1	1	1	1
FBtr0078670	Hat1-RA	0.037176	0.046227	0.0083	0.0134	1.179774	0.863411	2.479744	0.932592	18.815936	14.820872	20.595745	20.704036	6.346970	8.055020	1	0	1	1
FBtr0334284	Rgk1-RC	0.043045	0.01179	0.0119	0.0008	0.660362	1.811708	1.582441	4.507045	69.585267	85.222615	8.283770	10.552486	16.904300	16.337250	1	1	1	1
FBtr0114558	Cyp4aa1-RB	0.008325	0.0	0.0004	0.0	2.783680	4.568072	3.049864	5.028843	30.752366	31.030103	0.792657	0.589856	5.156260	6.161915	1	1	1	1
FBtr0084139	CG6656-RA	0.028909	0.008746	0.0049	0.0004	1.792507	2.973948	2.092563	4.382467	18.933727	2.521767	21.763221	3.451183	65.264250	55.888750	1	1	1	1
FBtr0079883	CG4619-RA	0.0	0.014133	0.0	0.0011	4.117830	2.278888	4.815927	3.036381	4.407256	9.366275	19.585003	21.017565	1.976540	1.756120	1	1	1	1
FBtr0083700	Xrp1-RB	0.026354	0.018637	0.0041	0.0019	1.847884	1.779874	3.524004	4.925962	89.817463	77.528493	7.239483	9.492860	6.894645	13.638400	1	1	1	1
FBtr0081599	CG1234-RA	0.014403	0.042756	0.0012	0.011	2.238799	0.777971	2.448900	1.576316	5.013667	0.846567	20.350277	21.793169	5.170445	6.345290	0	1	1	1
FBtr0077323	CG15456-RA	0.036062	0.019089	0.0079	0.002	0.371748	1.537528	0.710211	3.568831	79.728889	12.806762	20.035066	19.531696	8.968685	7.821715	1	1	1	1
FBtr0078179	CG5618-RA	0.012521	0.003712	0.0009	0.0001	1.538144	2.292018	2.510901	4.102344	18.174731	0.689814	22.325561	0.906882	37.146400	31.222750	1	1	1	1
FBtr0084135	lsn-RA	0.04964	0.035569	0.0159	0.0074	0.585834	1.061628	1.230029	2.228990	14.826202	84.879923	21.342975	22.659746	7.716735	11.889950	1	1	1	1
FBtr0111011	mRpL34-RA	0.023905	0.047102	0.0034	0.0141	0.743558	0.882154	0.952464	2.441622	16.399789	18.524561	21.880833	20.053539	8.601410	8.366235	1	1	1	1
FBtr0345919	Mgstl-RC	0.03133	0.015735	0.0058	0.0014	0.841440	1.360042	4.115207	1.868022	91.047320	72.557714	4.759650	7.037431	1.238750	2.542210	1	1	1	1
FBtr0088228	nclb-RA	0.035344	0.005754	0.0075	0.0002	0.968701	1.840036	2.164982	2.516671	52.179002	30.070195	22.791317	0.450593	13.012600	15.468400	1	1	1	1
FBtr0334606	gish-RM	0.039267	0.028574	0.0098	0.0046	1.099842	1.366979	3.505262	2.925208	65.721015	84.910479	6.643530	6.935961	62.312600	50.665300	1	1	1	1
FBtr0273303	CG30203-RB	0.020585	0.012733	0.0025	0.0009	2.027074	3.234313	3.996524	4.536597	94.979668	86.069986	6.923042	8.101601	5.798940	9.196205	1	1	1	1
FBtr0082311	MED7-RA	0.037648	0.043633	0.0087	0.0114	1.214754	0.786002	1.932592	1.609438	13.059603	27.346890	20.274446	20.543053	11.958800	15.376850	1	1	1	1
FBtr0331658	Ndae1-RD	0.0	0.032412	0.0	0.0058	4.035417	1.022818	4.759526	2.362601	12.372584	4.034207	22.627579	21.779620	5.972500	3.164125	1	1	1	1
FBtr0330704	Slob-RH	0.009138	0.025112	0.0005	0.0036	1.700218	1.957177	2.177374	5.930469	77.199894	106.513526	7.717658	7.068175	6.117775	6.932100	1	1	1	1
FBtr0345599	SmydA-8-RD	0.012983	0.009636	0.001	0.0005	1.380509	1.973759	5.796129	4.550480	91.363750	85.343097	5.531603	6.291320	3.186420	2.689510	1	1	1	1
FBtr0072785	GV1-RB	0.029042	0.005754	0.005	0.0002	1.348475	2.690764	2.284618	2.985875	1.518180	5.691790	2.732587	2.382518	14.081550	13.873850	1	1	1	1
FBtr0075426	Pdh-RA	0.007493	0.0	0.0003	0.0	1.936127	2.214882	3.318963	6.399075	0.740207	0.025194	0.622262	0.342035	147.721000	137.292000	1	1	1	1
FBtr0089318	mRpL13-RA	0.043649	0.028574	0.0122	0.0046	1.068393	1.848769	1.797931	1.987465	47.524385	38.627556	19.514805	18.118992	8.966780	9.064550	1	1	1	1
FBtr0332455	CLIP-190-RT	0.047622	0.018191	0.0145	0.0018	1.030277	1.958994	3.062164	3.045152	3.395608	29.345479	4.410309	5.629708	47.092150	68.694350	1	1	1	1
FBtr0082131	CG8417-RA	0.044744	0.014133	0.0126	0.0011	0.749929	1.534474	0.969607	2.729789	18.022764	71.115342	4.283582	4.011763	24.803400	31.788750	1	1	1	1
FBtr0100670	norpA-RC	0.011853	0.041139	0.0008	0.0099	0.784421	0.773797	1.298715	1.150962	9.605039	23.142556	19.585599	19.418462	7.567430	4.683975	1	1	1	1
FBtr0309113	hts-RP	0.03133	0.0	0.0058	0.0	1.209229	3.311889	1.627464	4.300902	11.554294	90.094360	4.363570	3.443568	5.743660	6.146180	1	1	1	1
FBtr0084008	CG5745-RA	0.039427	0.041427	0.0099	0.0101	0.540959	0.489680	2.143352	1.073087	29.672057	0.688997	23.919620	1.983740	6.348915	7.872405	0	1	1	1
FBtr0335504	und-RB	0.048843	0.010249	0.0153	0.0006	0.575555	1.196829	0.831261	1.296087	25.742755	38.185435	22.724445	1.920675	32.688300	43.675700	1	1	1	1
FBtr0114615	l(2)05287-RB	0.026062	0.046723	0.004	0.0138	1.143651	0.613837	2.261546	3.804061	7.415970	1.708987	21.663856	22.140282	4.500630	5.488075	0	1	1	1
FBtr0076648	GAPsec-RA	0.037798	0.047375	0.0089	0.0143	-0.003795	0.533885	5.756573	3.377954	80.145521	1.418554	4.858311	21.862600	6.302085	6.249185	1	1	1	1
FBtr0300465	CG42492-RC	0.004004	0.019089	0.0001	0.002	2.772324	1.691839	3.957719	4.550264	18.162152	17.329809	22.393323	22.188559	7.596755	5.663780	1	1	1	1
FBtr0343368	c11.1-RB	0.007493	0.005754	0.0003	0.0002	1.624817	3.077311	2.302176	3.573754	24.933928	97.020290	10.949535	11.999709	13.185150	27.266000	1	1	1	1
FBtr0081132	CG10428-RA	0.04087	0.010249	0.0108	0.0006	0.251386	2.228491	0.752239	3.677360	10.336923	1.568522	19.463366	21.571532	6.810370	6.705430	1	1	1	1
FBtr0081133	Tango6-RA	0.048499	0.010249	0.0151	0.0006	0.569439	2.053653	3.227722	4.284499	1.580087	0.832679	3.038958	1.728534	6.046135	7.054225	0	1	1	1
FBtr0084949	boss-RA	0.0	0.0	0.0	0.0	3.823085	3.256157	5.958005	5.588983	1.265728	0.683369	23.357817	0.102609	58.675150	40.996450	1	1	1	1
FBtr0076455	Cpr67B-RA	0.008325	0.0	0.0004	0.0	1.937162	2.576060	3.171088	2.720686	0.551840	0.641409	0.799151	1.741923	32.410700	63.244900	1	1	1	1
FBtr0084224	CG13856-RA	0.018893	0.049692	0.0021	0.0159	1.709329	0.766200	3.162644	2.945851	12.366173	4.891794	8.210696	5.158304	15.171750	16.128400	1	1	1	1
FBtr0082043	GstZ2-RC	0.0	0.043758	0.0	0.0116	3.227659	0.938635	3.589616	2.256245	29.922716	24.986956	1.169769	0.102483	4.671580	2.789025	1	1	0	1
FBtr0082041	GstZ2-RB	0.004004	0.008746	0.0001	0.0004	3.163488	2.731224	3.252869	5.017396	33.214037	65.880897	0.789203	2.014117	9.106685	8.122555	1	1	1	1
FBtr0299646	Nedd4-RG	0.034291	0.037722	0.0071	0.0084	0.816211	0.936011	2.043782	2.295078	0.552919	69.031940	1.007891	4.478113	5.543040	7.783410	1	1	1	1
FBtr0074046	CG7872-RA	0.019809	0.012733	0.0023	0.0009	1.836422	1.680474	3.064149	2.006521	32.723479	31.815333	21.440489	22.080729	5.386300	6.455545	1	1	1	1
FBtr0083929	CG31200-RA	0.032454	0.037151	0.0062	0.0081	0.846744	1.123304	1.009962	1.590533	28.520326	1.644603	0.053872	2.020634	29.711850	45.458350	1	1	1	1
FBtr0080325	esc-RA	0.042794	0.016399	0.0117	0.0015	0.988369	1.821787	1.936446	2.876927	64.767926	92.311795	2.411724	4.331366	6.964900	5.661875	1	1	1	1
FBtr0080326	Pex19-RA	0.02539	0.046876	0.0038	0.0139	1.317186	0.810194	2.751567	1.979065	35.354149	2.857787	21.483618	20.130142	8.235540	9.105635	1	1	1	1
FBtr0079869	IP3K1-RA	0.045864	0.0	0.0133	0.0	0.876896	3.085043	1.201514	3.706664	2.384891	36.267793	2.327728	2.749992	4.179085	4.790135	1	1	1	1
FBtr0113308	Nph-RB	0.03366	0.043683	0.0067	0.0115	0.577971	1.050763	0.861851	1.818221	20.075841	20.361698	22.195127	0.184535	54.677650	77.889750	1	1	1	1
FBtr0346145	TwdlG-RC	0.037648	0.035569	0.0088	0.0074	0.826930	0.207890	3.015750	3.563391	2.109497	0.033448	23.463687	23.747935	4.065275	4.601465	1	1	1	1
FBtr0452124	CG46309-RA	0.035982	0.010249	0.0078	0.0006	0.727022	2.359133	1.162162	3.539974	72.067003	68.504631	8.450294	10.069331	146.524000	186.177000	1	1	1	1
FBtr0344362	CG45049-RF	0.047622	0.033869	0.0145	0.0065	0.786530	0.933953	2.755035	2.330620	92.997040	14.829043	8.251626	5.828091	19.559850	20.230100	1	1	1	1
FBtr0332909	asrij-RB	0.037648	0.028304	0.0087	0.0045	0.258194	1.835193	1.459372	2.199725	14.305073	23.243255	20.578502	17.764105	4.495425	9.910795	1	1	1	1
FBtr0080114	CG6495-RA	0.025698	0.045959	0.0039	0.0132	1.205900	0.242295	1.833139	2.021815	7.501513	1.074467	21.738381	1.256129	3.823675	4.537115	1	1	1	1
FBtr0076216	IRSp53-RA	0.04631	0.025112	0.0135	0.0036	0.805574	1.940692	3.159684	2.677290	70.772301	66.634182	6.795931	7.431635	24.050550	31.015950	1	0	1	1
FBtr0088681	Pgi-RC	0.0	0.014133	0.0	0.0011	2.470846	2.382690	4.201958	3.166177	43.529328	69.011579	6.860739	8.033100	369.591000	439.936500	1	1	1	1
FBtr0075955	Obp69a-RA	0.007493	0.0	0.0003	0.0	1.408720	1.524870	1.814976	2.694069	55.417762	3.906422	2.368797	1.467556	8.924015	13.201750	1	1	1	1
FBtr0085844	faf-RC	0.040464	0.043444	0.0106	0.0113	0.780990	0.986072	1.547107	2.574444	38.359535	74.774841	20.682583	1.329511	1.316540	1.519870	1	1	1	1
FBtr0113074	Dyb-RF	0.0	0.005754	0.0	0.0002	3.994380	2.170122	5.152034	4.396477	1.265356	0.345938	22.523899	0.424024	4.872415	3.143575	1	1	1	1
FBtr0086887	CG6424-RB	0.017147	0.043683	0.0017	0.0115	1.427054	0.801491	1.807258	1.104163	3.678979	50.154953	4.588316	6.123808	76.191750	80.614100	1	1	1	1
FBtr0088370	mlt-RA	0.013672	0.003712	0.0011	0.0001	1.862506	2.400448	2.423734	3.915793	4.742320	0.424040	22.481727	1.410996	16.848100	17.020700	1	1	1	1
FBtr0347147	Tango9-RB	0.0	0.0	0.0	0.0	3.112015	4.354749	4.597341	4.618270	80.229202	33.873899	6.060881	8.366320	1.903905	1.366960	1	1	1	1
FBtr0086114	CG15908-RA	0.023905	0.036087	0.0034	0.0077	1.262017	0.472877	2.447767	1.972626	0.845627	2.638807	22.272333	22.657938	6.268185	7.164820	1	1	1	1
FBtr0339432	CG13366-RE	0.035867	0.014133	0.0077	0.0011	0.892504	2.035114	1.168319	2.954727	99.188571	3.585871	18.747552	22.531721	7.015565	5.870850	1	1	1	1
FBtr0308835	Ih-RK	0.031642	0.026577	0.0059	0.004	1.194678	1.714867	2.740151	2.180250	0.623715	31.583723	1.624830	0.989548	58.025100	42.287700	1	1	1	1
FBtr0310059	mbl-RO	0.004004	0.0	0.0001	0.0	3.205839	0.503225	3.425150	1.517135	20.310717	0.062649	0.282004	0.001289	23.395550	19.005250	1	1	0	1
FBtr0075390	CG33158-RB	0.012983	0.018191	0.001	0.0018	1.491454	1.382507	3.033298	2.651670	46.278383	23.602429	20.556688	18.271354	2.835725	6.689345	1	1	1	1
FBtr0080147	CG16743-RA	0.040346	0.019923	0.0105	0.0022	0.923174	0.729060	3.284446	7.104026	0.815694	0.397990	2.125426	1.091510	14.201550	10.954850	1	1	1	1
FBtr0083191	ND-23-RA	0.008325	0.048425	0.0004	0.0151	1.782262	0.317547	2.189000	2.639297	3.007525	0.119582	23.097420	0.518000	172.916000	183.474000	1	1	1	1
FBtr0112900	Gpo1-RD	0.022706	0.045743	0.003	0.0131	1.332763	0.776933	2.227783	2.175027	7.958611	98.986471	6.640911	7.002718	33.037750	26.469950	1	1	1	1
FBtr0075328	nudC-RA	0.033164	0.021821	0.0065	0.0027	0.991592	1.624778	2.060638	3.337868	13.522305	5.902271	20.923734	20.154184	9.145585	12.113900	1	1	1	1
FBtr0079534	Tg-RB	0.028433	0.027683	0.0047	0.0043	1.277826	1.095132	3.058118	1.530126	6.135641	1.664678	1.224304	2.396581	7.017640	9.470375	1	1	1	1
FBtr0335205	Gdh-RD	0.014403	0.007274	0.0012	0.0003	2.146750	2.498239	2.318807	2.656578	13.064307	28.526309	22.327041	0.807345	113.476000	72.281250	1	1	1	1
FBtr0335011	mino-RE	0.037946	0.048728	0.009	0.0153	0.825925	0.556484	2.753482	2.814109	35.511135	50.679715	6.705408	4.563633	17.541000	28.378500	1	1	1	1
FBtr0345094	Svil-RF	0.0	0.032888	0.0	0.006	2.617141	1.099072	4.906761	1.803242	8.774980	1.879225	21.229939	20.669556	2.594815	1.909130	1	1	0	0
FBtr0082666	kar-RA	0.022501	0.009636	0.0029	0.0005	1.007054	1.989843	3.002878	2.360463	3.612167	7.834065	1.581936	0.032491	13.634800	16.522650	1	1	1	1
FBtr0335383	CG5397-RB	0.039267	0.041427	0.0098	0.0101	0.275888	0.939241	0.675857	1.349738	45.063449	73.284646	13.336021	13.382368	4.166895	5.535300	1	1	1	1
FBtr0083361	Scp2-RA	0.025698	0.047923	0.0039	0.0148	1.529934	0.854867	3.613207	3.016919	4.366789	1.944785	4.994291	3.296978	296.295000	241.021500	1	0	1	1
FBtr0073217	Ero1L-RB	0.028909	0.016399	0.0049	0.0015	1.174727	1.913119	2.472474	2.373493	26.292861	93.421582	21.691195	0.114819	6.746200	8.724265	1	1	1	1
FBtr0070907	kdn-RA	0.0	0.003712	0.0	0.0001	3.517571	2.973555	4.313846	4.755210	34.765701	0.034644	1.091742	0.165130	164.621000	94.016000	1	1	1	1
FBtr0071090	bys-RA	0.018307	0.0	0.002	0.0	1.807200	4.038162	2.575795	4.397569	86.910556	1.212778	22.259508	23.139024	6.380840	8.121575	1	1	1	1
FBtr0071091	spidey-RA	0.026354	0.014577	0.0041	0.0012	1.269775	2.443421	2.609693	3.191411	23.916861	8.324326	0.797373	2.046858	28.310500	24.461850	1	0	1	1
FBtr0331194	CG10600-RC	0.007493	0.019427	0.0003	0.0021	1.264420	1.317973	2.161935	2.949443	15.164600	24.079761	8.688025	15.137534	7.924660	9.585175	1	1	1	1
FBtr0088471	trpl-RA	0.00999	0.033998	0.0006	0.0067	2.006272	1.265368	3.273816	2.038453	75.904231	25.730212	9.337808	9.397158	400.432000	249.907000	1	1	1	1
FBtr0082186	tws-RA	0.004004	0.008746	0.0001	0.0004	3.026053	3.033838	3.729306	4.560642	96.649587	70.654061	7.269869	6.401902	9.320430	8.328915	1	1	1	1
FBtr0076974	MCU-RE	0.045639	0.039301	0.0132	0.009	0.844736	0.930897	1.180415	1.220565	4.611018	71.053449	3.734183	5.959245	9.201600	15.220350	1	1	1	1
FBtr0076603	DNApol-alpha50-RA	0.014986	0.021143	0.0013	0.0025	2.024960	1.629951	2.379364	2.241015	61.894549	84.245694	4.742774	2.096151	1.560125	1.604470	1	1	1	1
FBtr0330118	CG32407-RB	0.010993	0.008746	0.0007	0.0004	2.071219	2.617777	2.579269	3.829168	56.920840	73.947216	2.795041	1.342483	48.871750	56.665600	1	1	1	1
FBtr0071797	CG11073-RA	0.03291	0.005754	0.0064	0.0002	1.458581	1.436047	1.817112	2.877296	46.157074	75.797264	3.996060	4.101603	5.026445	5.424190	1	1	1	1
FBtr0084712	CG11069-RA	0.026062	0.010249	0.004	0.0006	1.423063	2.549848	3.641510	4.579897	63.281811	69.734980	6.359150	7.194517	3.272930	4.247195	1	1	1	1
FBtr0343324	CG12541-RE	0.030526	0.01179	0.0055	0.0008	1.474571	2.279392	3.537605	2.542338	44.867407	14.681566	0.044455	23.366507	8.837780	8.050450	1	1	1	1
FBtr0075679	dlp-RA	0.026354	0.028304	0.0041	0.0045	0.639130	1.896192	1.598955	3.985030	14.740212	78.378707	9.165468	7.467435	14.557500	22.566500	1	1	1	1
FBtr0078536	CG11241-RA	0.018307	0.048207	0.002	0.015	1.257136	0.719509	2.622096	3.166049	103.337066	3.864749	16.803417	16.394892	8.380915	7.758610	1	1	1	1
FBtr0085345	wat-RA	0.024315	0.036597	0.0035	0.0079	1.233527	0.814430	3.861556	3.001343	30.368468	1.978890	1.470625	1.301465	48.739000	59.425700	0	1	1	1
FBtr0076785	Clk-RA	0.009138	0.003712	0.0005	0.0001	2.798951	3.395759	3.861831	4.890801	27.663067	26.486718	0.857939	0.553152	14.092900	14.740500	1	1	1	1
FBtr0302895	CG9849-RB	0.040136	0.041383	0.0103	0.01	1.008028	0.750291	1.974728	2.166680	10.938113	0.862874	3.335089	2.245835	13.135800	15.328600	1	1	1	1
FBtr0076780	Pdp1-RD	0.017147	0.009636	0.0017	0.0005	2.024671	2.332051	2.328841	2.498792	42.267011	29.686384	14.543824	11.884993	9.864250	16.915850	1	1	1	1
FBtr0075471	CG4962-RA	0.013672	0.042351	0.0011	0.0106	2.200329	0.703004	2.541932	3.523666	96.864821	83.613123	9.068210	4.085830	12.188100	6.696945	1	1	1	1
FBtr0100396	ey-RD	0.023613	0.016399	0.0033	0.0015	1.423590	1.474295	1.726171	2.924080	50.261165	44.224297	3.119967	4.254952	6.061300	6.819640	1	1	1	1
FBtr0087832	Galphaq-RD	0.017147	0.003712	0.0017	0.0001	1.085812	1.477388	4.116275	4.760752	0.258467	0.080264	1.099488	0.649425	214.137500	201.840000	1	1	1	1
FBtr0087408	CG10257-RA	0.007493	0.028304	0.0003	0.0045	2.108845	0.685650	3.470348	2.445031	1.356934	0.605210	23.749243	0.073748	7.387495	4.715300	1	1	1	1
FBtr0073452	CG11752-RA	0.014986	0.049534	0.0013	0.0158	1.568334	0.101253	3.147689	4.007050	6.652841	0.296823	1.667588	0.522770	22.318400	18.214800	1	1	1	1
FBtr0073696	CG4407-RB	0.033871	0.041427	0.0068	0.0101	1.208795	0.925125	2.062781	1.041173	2.680057	18.592463	23.463360	20.816726	5.169870	4.574975	1	1	1	1
FBtr0087173	Vha44-RA	0.039267	0.021143	0.0098	0.0025	0.485237	0.857543	0.517218	2.184725	0.584653	44.373332	1.447645	3.184741	34.884450	37.687200	1	1	1	1
FBtr0079985	CG4957-RA	0.048672	0.027332	0.0152	0.0042	0.826539	1.117425	1.376157	1.675010	30.368980	9.837583	21.138974	17.852859	8.240260	8.563445	1	1	1	1
FBtr0079986	Mulk-RA	0.008325	0.035983	0.0004	0.0076	2.308847	1.185289	2.733739	2.238400	1.869890	29.352545	20.756843	19.083878	6.457555	7.265910	1	1	1	1
FBtr0345213	CG5191-RF	0.034291	0.03761	0.0071	0.0083	1.001387	1.099779	2.574156	1.364199	8.368419	13.113055	19.135433	20.737135	4.695175	4.330665	1	1	1	1
FBtr0085443	alph-RB	0.04638	0.021564	0.0136	0.0026	0.614597	1.030697	0.857002	1.887252	39.654459	5.416430	3.877211	4.615470	28.273750	38.790950	1	1	1	1
FBtr0305303	pyd-RL	0.033871	0.039301	0.0068	0.009	0.978588	0.820939	3.579044	2.918999	0.938964	1.557755	21.727407	22.037527	8.969170	9.418800	1	1	1	1
FBtr0082785	Act87E-RA	0.037495	0.033524	0.0086	0.0063	0.941714	0.797718	2.267737	1.048356	94.503722	2.098828	21.107906	0.147971	25.572500	26.486400	1	1	1	1
FBtr0081276	CG10337-RA	0.029042	0.0	0.005	0.0	1.421045	2.084695	1.577036	4.579502	9.108070	87.557698	7.171708	10.912278	5.041360	13.130050	1	1	1	1
FBtr0300901	Dtd-RB	0.04087	0.021564	0.0108	0.0026	0.899485	1.054525	1.774618	1.403581	20.877052	9.068862	23.190950	19.014120	7.991790	10.613200	1	1	1	1
FBtr0076556	CG5644-RA	0.016056	0.047102	0.0015	0.0141	0.864749	0.867442	2.414417	1.405805	15.403515	1.355183	21.523988	22.237276	7.174565	3.588515	1	1	1	1
FBtr0075355	Baldspot-RA	0.014403	0.035735	0.0012	0.0075	1.968175	0.722326	2.444130	1.765625	94.165744	67.787645	3.553960	2.716170	80.512650	101.035000	1	1	1	1
FBtr0335231	CG11052-RD	0.028219	0.033074	0.0046	0.0061	0.946695	0.497373	1.944730	0.763550	1.845869	0.768264	23.642764	23.169941	4.045255	19.848800	1	1	1	1
FBtr0080626	Rab14-RA	0.040346	0.027332	0.0105	0.0042	1.067600	1.072251	2.956511	2.854157	36.848852	1.267407	3.362087	2.597785	21.905200	23.308300	1	1	1	1
FBtr0340673	Nna1-RC	0.020585	0.01179	0.0025	0.0008	1.715628	2.719681	3.674485	5.592841	0.981128	4.932832	21.575579	18.659263	8.634370	11.244750	1	1	1	1
FBtr0083663	CG31229-RA	0.017516	0.014577	0.0018	0.0012	1.708218	1.744005	2.221701	3.428266	40.489435	4.468437	23.788822	1.479904	12.988050	14.030100	1	1	1	1
FBtr0340281	CG5773-RB	0.037495	0.044621	0.0086	0.0124	1.145622	0.524509	1.839365	3.173831	35.032576	0.063752	1.323435	0.148213	147.041500	188.756000	1	1	1	1
FBtr0082902	CG9649-RA	0.007493	0.0	0.0003	0.0	2.279649	3.342900	3.695573	4.794676	9.547292	38.083401	2.720860	3.114424	47.832250	56.250000	1	1	1	1
FBtr0082901	CG31326-RA	0.012983	0.026973	0.001	0.0041	2.248385	1.138993	4.641373	4.826144	10.344343	2.766141	3.634681	2.801712	41.416400	59.172000	1	1	1	1
FBtr0085320	Noa36-RA	0.018307	0.049426	0.002	0.0157	1.413874	0.984890	1.787114	1.531103	46.482318	4.331582	20.149103	19.689741	5.017925	5.732530	1	1	1	1
FBtr0330416	dysc-RF	0.028909	0.016938	0.0049	0.0016	0.566078	2.178479	0.919649	3.599781	15.933602	22.717685	21.535195	23.661084	2.362875	2.546730	1	1	1	1
FBtr0334836	ninaC-RD	0.00999	0.0	0.0006	0.0	1.840505	4.383487	3.417272	6.985382	0.981299	0.411383	23.742975	1.553175	462.904000	416.526500	1	1	1	1
FBtr0300179	gol-RD	0.0	0.003712	0.0	0.0001	3.831244	3.385915	5.646383	5.830871	33.554819	78.229500	12.733669	9.357233	34.637950	27.231550	1	1	1	1
FBtr0309961	Adar-RI	0.038318	0.049797	0.0093	0.016	1.147397	0.899904	5.265162	1.831326	3.017620	2.132487	3.288111	3.566813	2.668365	3.325900	1	1	1	1
FBtr0088243	CG30015-RB	0.045639	0.040424	0.0131	0.0096	0.823940	1.099804	1.376072	1.791995	37.361649	55.017279	7.234674	5.772582	6.092625	12.490050	1	1	1	1
FBtr0290055	CG31370-RB	0.035591	0.020338	0.0076	0.0023	1.099252	2.216441	1.381735	3.133681	11.161074	71.964320	8.178854	7.374824	8.228700	11.739850	1	1	1	1
FBtr0084285	CG5326-RA	0.030526	0.005754	0.0055	0.0002	1.328430	3.364280	2.066337	3.486657	72.501539	102.163151	8.834467	6.691430	34.462700	40.709900	1	1	1	1
FBtr0086026	CG14591-RB	0.038686	0.003712	0.0095	0.0001	0.928376	1.520269	2.065775	4.050540	5.086691	0.186320	23.554404	1.036697	48.406000	41.353600	1	1	1	1
FBtr0084289	CG5346-RA	0.048499	0.018637	0.0151	0.0019	0.693484	2.429229	2.217632	5.190731	2.462245	19.049692	3.577069	2.920163	10.578300	19.150300	1	1	1	1
FBtr0079369	nop5-RA	0.006281	0.008746	0.0002	0.0004	2.307648	3.151966	3.569255	4.965843	60.876987	6.571455	20.538873	21.527496	11.705650	11.584950	1	1	1	1
FBtr0080528	CG18507-RB	0.0	0.007274	0.0	0.0003	3.431357	3.353725	4.814949	3.473016	14.364827	15.573545	21.245255	21.930994	9.730515	12.128950	1	1	1	1
FBtr0080527	CG18507-RA	0.033382	0.024052	0.0066	0.0033	0.500522	1.213864	2.219527	1.236062	0.119139	46.284146	0.160268	3.388555	3.548785	4.329095	1	1	1	1
FBtr0080489	CG16974-RA	0.0	0.0	0.0	0.0	3.069238	3.660353	4.980069	5.504105	0.249643	1.077380	22.799567	0.985075	57.513350	46.022550	1	1	1	1
FBtr0073257	Teh3-RA	0.035591	0.015004	0.0076	0.0013	0.788897	1.722399	1.742159	2.433012	2.011881	5.573150	0.713644	1.331528	17.936100	12.905650	1	1	1	1
FBtr0112803	Fas1-RD	0.037946	0.033257	0.009	0.0062	0.953273	1.301024	1.808618	2.090318	1.384892	5.362578	2.863022	2.311402	4.811225	2.299375	1	1	1	1
FBtr0079041	Rtnl1-RD	0.009138	0.040922	0.0005	0.0098	0.452350	0.546695	0.974423	2.128441	1.846385	0.940090	1.210030	0.571138	13.246750	20.663350	1	1	1	1
FBtr0331392	mwh-RA	0.020585	0.030327	0.0025	0.0052	2.338763	1.404183	4.633141	2.043067	61.577680	68.635695	7.059135	7.918205	3.556195	1.506315	1	1	1	1
FBtr0079952	eEF1delta-RB	0.011853	0.016938	0.0008	0.0016	1.922086	1.615049	2.270977	2.017053	20.272444	0.182857	22.712246	0.727725	62.897400	65.172300	1	1	1	1
FBtr0337034	Dhc98D-RD	0.014986	0.010249	0.0013	0.0006	2.354675	2.423661	3.910789	3.648566	2.374046	24.127420	21.128210	23.995239	2.160235	4.129165	1	1	1	1
FBtr0301256	CG42557-RA	0.018021	0.024935	0.0019	0.0035	1.382582	1.372639	2.249067	2.894390	12.264062	3.485922	22.764324	0.981994	7.124475	7.579940	1	1	1	1
FBtr0071610	cv-2-RA	0.0	0.013512	0.0	0.001	3.058818	2.654810	3.436790	6.319071	76.572667	75.759105	9.406504	9.177440	8.597220	16.753550	1	1	1	1
FBtr0344186	CG40498-RJ	0.007493	0.012733	0.0003	0.0009	1.960185	1.939572	2.224589	2.357607	33.943696	7.924978	1.581801	1.121136	115.051000	125.119500	1	1	1	1
FBtr0088141	Drip-RA	0.006281	0.018637	0.0002	0.0019	2.875508	1.489822	4.014467	4.112585	18.886746	14.565026	9.648770	7.956352	36.585500	40.276500	1	1	1	1
FBtr0072576	CG32344-RA	0.037648	0.005754	0.0088	0.0002	1.526302	1.963746	1.929191	2.650955	70.836710	26.448862	22.366519	0.425913	4.996285	6.616400	1	1	1	1
FBtr0082438	CG6834-RA	0.011853	0.003712	0.0008	0.0001	2.705220	3.749758	5.223390	4.682338	13.871136	50.735170	5.095610	4.523997	27.879800	27.832950	1	1	1	1
FBtr0303294	pdgy-RB	0.035982	0.015735	0.0078	0.0014	0.319299	1.323338	1.556764	2.189216	12.204098	8.014798	20.549058	18.716094	6.974355	8.349480	1	1	1	1
FBtr0300956	CG30427-RE	0.023905	0.030327	0.0034	0.0052	1.475802	1.274546	2.465320	2.194231	102.879762	87.340906	5.776378	6.126283	1.551240	2.359390	1	1	1	1
FBtr0300817	CG31189-RB	0.004004	0.0	0.0001	0.0	3.320129	2.129106	3.905923	3.027365	9.974802	0.489644	1.642765	0.177557	10.810900	16.454800	1	1	1	1
FBtr0078619	Gasp-RA	0.015557	0.014133	0.0014	0.0011	2.242315	2.308521	2.731901	2.718853	2.846104	47.304243	4.117852	1.283759	20.849500	10.838100	1	1	1	1
FBtr0344750	tau-RK	0.016684	0.007274	0.0016	0.0003	1.890372	3.143538	3.457282	4.145682	1.473538	10.881894	2.033708	1.729759	100.940700	104.466500	1	1	1	1
FBtr0082121	mRpL47-RB	0.03366	0.035056	0.0067	0.0072	1.053492	1.414274	1.819921	3.741182	1.993702	2.822336	20.772632	20.132130	9.444985	11.568100	1	1	1	1
FBtr0344752	tau-RM	0.018307	0.026973	0.002	0.0041	1.930340	0.569509	4.471029	1.331927	59.254832	14.972842	23.688795	21.459098	3.854325	4.754850	1	1	1	1
FBtr0074925	Cyp305a1-RA	0.0	0.003712	0.0	0.0001	4.050980	3.818094	4.546096	4.365098	62.174408	2.699291	2.785499	2.492460	6.919445	6.614775	1	1	1	1
FBtr0074924	cyc-RA	0.030821	0.0	0.0056	0.0	1.608095	1.397332	3.103206	2.350067	27.127229	0.499550	23.214086	0.500061	7.742830	9.497975	1	1	1	1
FBtr0347550	Vps24-RB	0.009138	0.010249	0.0005	0.0006	2.183331	2.196325	3.748526	2.602374	8.261447	16.862720	5.648079	6.172171	7.370185	5.083350	1	1	1	1
FBtr0083399	GckIII-RA	0.022706	0.008746	0.003	0.0004	1.288401	2.559499	2.236257	2.778197	22.858676	9.300788	23.132851	23.705951	8.684090	9.385225	1	1	1	1
FBtr0073652	CG2556-RA	0.0	0.007274	0.0	0.0003	2.381353	2.519644	5.392783	5.067954	82.841127	30.924273	14.733804	12.243620	2.495765	2.679180	1	1	1	1
FBtr0346536	Pdp1-RP	0.012983	0.01179	0.001	0.0008	1.071997	2.290434	2.521554	2.618323	32.787555	42.481851	13.004767	10.856030	202.004500	161.536500	1	1	1	1
FBtr0071537	Treh-RA	0.022218	0.018637	0.0028	0.0019	1.492758	1.877412	1.802460	2.209152	6.064340	81.483634	1.822787	4.516238	34.269050	46.158050	1	1	1	1
FBtr0073380	CG2202-RA	0.023507	0.009636	0.0032	0.0005	1.542833	2.433967	1.612709	5.861499	55.531766	2.385308	23.105548	21.840675	3.825830	4.883360	1	1	1	1
FBtr0079696	mRpL51-RA	0.037274	0.032032	0.0084	0.0057	1.223963	1.158649	1.438335	1.781188	16.931494	9.524960	22.064190	23.559613	9.305855	9.711535	1	1	1	1
FBtr0085628	CG15536-RA	0.017516	0.038551	0.0018	0.0087	1.679447	1.301088	2.418757	2.005471	11.637342	1.616709	19.750666	20.990107	5.840075	6.181565	1	1	1	1
FBtr0086691	PIG-O-RA	0.0	0.032888	0.0	0.006	3.124830	0.993487	3.455952	3.212270	32.292265	18.701574	18.692225	21.484675	5.944250	6.456210	0	1	1	1
FBtr0071240	CG12116-RA	0.0	0.008746	0.0	0.0004	3.748816	2.529198	6.524518	5.862120	1.799716	1.016290	3.075773	2.386387	63.986700	67.443000	1	1	1	1
FBtr0071320	lz-RA	0.040346	0.045142	0.0105	0.0128	0.243223	0.832813	0.489032	0.913650	15.900554	2.772788	21.673580	20.406442	4.361140	5.336775	1	1	1	1
FBtr0085972	Pngl-RA	0.023507	0.037722	0.0032	0.0084	0.801950	0.962283	2.512756	1.512485	1.894908	7.620002	23.678432	2.731688	9.648150	14.126650	1	1	1	1
FBtr0088440	CG1418-RA	0.038686	0.014577	0.0095	0.0012	1.209657	1.976573	2.407117	2.499088	8.702508	2.826114	0.445091	2.595945	8.277945	10.779100	1	1	1	1
FBtr0075643	CG6878-RA	0.013672	0.043633	0.0011	0.0114	0.903346	1.035980	2.008196	2.973778	11.498494	5.859075	20.270648	19.511643	11.159050	14.847800	1	1	1	1
FBtr0331634	CG42367-RC	0.006281	0.011106	0.0002	0.0007	1.799251	1.969331	3.426599	4.265777	5.272488	12.644922	21.189087	19.876474	2.404805	2.632970	1	1	1	1
FBtr0081890	Dhod-RA	0.045864	0.026261	0.0133	0.0039	0.776192	1.249811	1.105392	3.255698	54.878577	8.079665	23.143077	22.849345	6.083020	9.865115	1	1	1	1
FBtr0076599	Arr2-RA	0.0	0.028304	0.0	0.0045	3.122032	0.687795	3.179124	3.893924	1.011095	1.537883	23.044514	1.293138	3607.030000	3295.290000	1	1	1	1
FBtr0081898	pch2-RA	0.026354	0.015735	0.0041	0.0014	1.535855	2.245572	2.968545	2.602913	21.179478	8.759152	22.671728	20.448724	3.603505	5.147185	1	1	1	1
FBtr0346158	RpS8-RF	0.038236	0.046386	0.0092	0.0135	0.731770	0.769811	1.449056	1.631515	27.704553	0.874205	0.675696	1.661765	285.207500	352.915500	1	1	1	1
FBtr0073819	CG11151-RA	0.006281	0.034766	0.0002	0.0071	1.801324	1.075645	2.927405	2.316544	26.588704	0.874187	1.315257	2.053807	97.268750	127.071000	1	0	1	1
FBtr0301034	CG33993-RB	0.007493	0.019427	0.0003	0.0021	1.829833	0.642708	3.050163	3.377521	64.904328	80.421902	2.496510	4.108816	3.419755	11.891200	1	1	1	1
FBtr0079874	Bka-RA	0.045639	0.016399	0.0131	0.0015	1.035709	1.583509	1.915620	2.386590	15.434059	0.024400	21.326788	23.626599	11.745300	14.027950	1	1	1	1
FBtr0086813	CG5773-RA	0.040044	0.008746	0.0102	0.0004	1.118975	1.095231	4.361976	5.147958	2.170958	73.373116	3.110464	4.567965	28.174000	24.898450	1	1	1	1
FBtr0085715	CG15547-RA	0.029042	0.005754	0.005	0.0002	1.410761	2.991727	4.484413	4.512574	99.006420	106.911731	6.870406	7.755556	2.837155	4.022765	1	1	1	1
FBtr0083053	mRpS10-RA	0.026354	0.025455	0.0041	0.0037	1.371518	1.467569	2.263431	2.296373	1.086081	1.357232	21.957913	22.808717	6.101175	7.366305	1	1	1	1
FBtr0112376	CG34183-RA	0.007493	0.0	0.0003	0.0	1.622908	2.001081	3.775880	3.465624	12.911939	8.048619	20.387948	18.915916	6.487860	6.024395	1	1	1	1
FBtr0340327	t-RB	0.004004	0.005754	0.0001	0.0002	2.124257	2.504879	3.263445	5.031751	0.090774	0.284764	0.594494	1.218947	46.891850	48.162750	1	1	0	1
FBtr0310205	pyd-RO	0.018307	0.009636	0.002	0.0005	1.973547	2.247101	3.081804	4.574365	1.244145	0.918873	21.366185	21.791651	5.155400	5.931620	1	1	1	1
FBtr0077886	CG17646-RA	0.047195	0.0	0.0141	0.0	0.581958	1.782996	2.688564	3.622266	0.668598	0.336188	2.002235	1.296438	10.194450	13.433450	1	1	1	1
FBtr0077884	CG31937-RA	0.030324	0.037722	0.0054	0.0084	0.995874	0.822205	1.401475	2.605809	24.146787	1.119211	0.036325	2.400585	20.474900	25.049050	1	1	1	1
FBtr0339964	eIF3m-RB	0.03366	0.040424	0.0067	0.0096	0.686709	0.837617	1.149735	0.900877	13.245710	12.324850	23.013422	1.521345	77.166700	90.658050	1	1	1	1
FBtr0081155	CG10561-RA	0.038236	0.026973	0.0092	0.0041	1.101040	1.328132	2.161865	2.567858	12.619376	3.870219	20.908526	23.924618	11.273500	10.067670	1	0	1	1
FBtr0076204	Mocs1-RA	0.006281	0.003712	0.0002	0.0001	3.719518	1.961682	4.189521	2.652874	7.899997	0.435017	21.808670	22.432166	4.143710	6.310015	1	1	1	1
FBtr0086060	scaf-RB	0.037433	0.023784	0.0085	0.0032	0.978987	1.834212	2.043179	3.102254	77.961563	99.301368	8.712582	7.392221	28.234800	51.514100	1	1	1	1
FBtr0088592	Cyp4p1-RA	0.009138	0.008746	0.0005	0.0004	2.929244	2.923900	4.361993	3.985969	6.349038	6.853563	4.477303	3.808399	43.506900	77.509350	1	1	1	1
FBtr0302115	Eno-RF	0.023613	0.034557	0.0033	0.007	1.490995	1.037690	2.305478	2.966915	32.079082	21.182931	5.102114	6.793243	2.908095	3.427115	1	1	1	1
FBtr0088599	Mad1-RA	0.030324	0.036087	0.0054	0.0077	0.967571	1.127285	1.925114	2.126604	15.230463	55.654822	21.540499	22.494018	8.299915	10.666000	1	1	1	1
FBtr0073044	eIF1-RA	0.03291	0.043633	0.0064	0.0114	1.237725	0.964880	3.113906	4.597899	3.873571	7.913713	3.112838	5.345729	192.727000	217.760500	1	0	1	1
FBtr0082374	Ugt35a-RA	0.0	0.0	0.0	0.0	3.189958	3.015033	3.673893	3.167071	89.978919	19.185825	2.297962	0.618642	9.286550	13.385650	1	1	1	1
FBtr0077080	QC-RA	0.016056	0.01179	0.0015	0.0008	1.876146	1.237729	4.523840	2.668274	1.460304	0.778708	2.947275	2.140918	13.326050	24.936850	1	1	1	1
FBtr0339497	CG1461-RB	0.008325	0.0	0.0004	0.0	2.918464	3.453165	3.894087	4.250790	51.840450	77.573102	2.991292	4.019441	88.728700	106.350050	1	1	1	1
FBtr0331356	trp-RB	0.035982	0.0	0.0078	0.0	1.237200	3.460261	2.178789	3.779864	54.822866	43.187224	10.799626	7.291355	7.005970	20.034500	1	1	1	1
FBtr0332800	Rac2-RB	0.012983	0.023009	0.001	0.003	1.881363	1.368039	3.072916	2.626318	4.952563	102.599279	5.425642	5.782251	45.589850	55.044850	1	1	1	1
FBtr0273328	Pex7-RB	0.013672	0.025789	0.0011	0.0038	2.003000	1.454287	3.406534	1.587301	17.396114	37.815941	1.682233	2.268118	1.123740	1.054448	1	1	1	0
FBtr0081371	CG16798-RA	0.0	0.0	0.0	0.0	5.742855	4.147137	6.315806	5.265760	1.470468	27.756545	2.946899	0.225088	1.558635	2.277055	1	1	1	1
FBtr0075424	Cpr72Ec-RA	0.004004	0.0	0.0001	0.0	2.445545	2.887158	5.366279	3.963556	0.093761	0.878558	0.714568	1.464665	97.797850	65.487400	1	1	1	1
FBtr0077247	bves-RB	0.049033	0.017474	0.0155	0.0017	-0.470633	1.012950	0.012626	1.268837	91.388657	32.635723	11.396437	13.380862	6.670350	7.145520	1	1	1	1
FBtr0087047	inaC-RA	0.0	0.0	0.0	0.0	4.904050	3.722817	8.494568	6.479224	1.152927	0.719497	1.105253	0.652077	316.923000	263.461000	1	1	1	1
FBtr0077168	AlaRS-m-RA	0.036062	0.023784	0.0079	0.0032	0.878841	1.387944	1.774510	1.463326	12.187868	18.985827	20.544276	22.463841	3.491425	4.266845	1	1	1	1
FBtr0072102	Eglp4-RA	0.0411	0.0	0.0109	0.0	0.812972	2.851610	2.343371	5.149727	47.623446	53.465248	4.074511	4.162065	77.778100	57.335250	1	1	1	1
FBtr0086625	Jheh1-RA	0.015557	0.003712	0.0014	0.0001	1.746495	2.345845	2.756464	2.851946	21.850132	1.725276	23.321341	1.636750	26.415450	29.173350	1	0	1	1
FBtr0088742	CSN7-RA	0.035982	0.047923	0.0078	0.0148	0.530499	0.501461	2.402681	2.848607	0.055637	0.504147	23.443433	1.584579	19.675200	22.282700	1	1	1	1
FBtr0300100	Sugb-RE	0.048499	0.011106	0.0151	0.0007	0.430501	1.895315	2.041943	3.209621	6.068792	6.946136	5.542654	5.663959	8.961850	8.940905	1	1	1	1
FBtr0084264	CG33110-RA	0.020077	0.008746	0.0024	0.0004	1.635112	3.734043	1.977414	4.008810	78.630571	78.929808	6.968792	8.125379	19.172750	29.086500	1	1	1	1
FBtr0307047	chinmo-RH	0.018893	0.047923	0.0021	0.0147	1.335238	0.676616	1.841121	1.583225	108.318599	24.815028	10.119170	11.073414	32.654000	27.100050	1	1	1	1
FBtr0302546	Sh3beta-RC	0.017516	0.030327	0.0018	0.0052	1.625287	1.145854	4.033659	2.127597	7.844519	26.323467	6.336464	11.297005	27.183000	21.619300	1	1	1	1
FBtr0084054	ETHR-RA	0.040287	0.008746	0.0104	0.0004	0.939513	2.129781	1.125751	2.517998	8.727043	48.621142	7.222135	4.876254	1.115780	1.187455	1	1	1	1
FBtr0308858	CG43427-RP	0.031642	0.015004	0.0059	0.0013	1.956175	2.654116	4.628626	4.232342	30.700260	2.449642	19.495893	21.254507	4.267250	3.837615	1	1	1	1
FBtr0072219	Nap1-RA	0.037433	0.029738	0.0085	0.005	0.651285	1.269850	0.850480	2.287177	34.978006	63.424100	22.209728	1.992842	169.075500	209.994500	1	1	1	1
FBtr0084864	CG10514-RA	0.047318	0.048814	0.0142	0.0154	1.010038	0.772905	2.111881	4.470758	23.121108	5.065551	23.773247	19.831402	5.507915	5.302750	1	1	1	1
FBtr0333255	tim-RO	0.0	0.005754	0.0	0.0002	3.080302	3.385321	3.650545	4.141524	60.735077	15.429056	15.587192	15.627053	2.281350	4.011350	1	1	1	1
FBtr0073348	LeuRS-m-RA	0.027998	0.029464	0.0045	0.0049	1.179135	0.954222	2.810106	2.673443	13.787347	19.012316	19.966212	21.366242	5.423050	7.343225	1	1	1	1
FBtr0100026	CG33981-RB	0.008325	0.029125	0.0004	0.0048	1.992684	1.409665	3.288363	3.646264	68.348945	94.353890	5.636006	6.088550	1.631825	2.169665	1	1	1	1
FBtr0072742	Pcyt2-RA	0.00999	0.008746	0.0006	0.0004	2.932061	2.494797	4.640830	4.010330	3.657985	11.620029	4.676977	3.718581	23.664250	26.122800	1	1	1	1
FBtr0329992	Sema2b-RD	0.039615	0.008746	0.01	0.0004	0.433538	1.136484	1.431484	1.335921	0.331165	0.677425	1.369340	1.535739	1.134725	1.065985	1	1	1	1
FBtr0334152	CG44014-RA	0.008325	0.003712	0.0004	0.0001	2.502876	2.711625	4.349953	3.554449	11.034851	40.293018	2.385109	2.957170	78.970650	102.928050	1	1	1	1
FBtr0072196	CG3907-RA	0.037274	0.021821	0.0084	0.0027	0.900774	1.685720	0.941798	2.104251	0.822208	5.410566	23.651472	2.855202	32.477450	36.077750	1	1	1	1
FBtr0079797	Ggamma30A-RC	0.0	0.0	0.0	0.0	3.072070	2.805635	5.705919	4.648469	48.964335	48.877457	8.200079	8.557532	8.279045	5.923660	1	1	1	1
FBtr0301347	Hr38-RD	0.0	0.0	0.0	0.0	3.417004	4.114014	3.852901	7.699945	72.106018	75.377001	7.822487	8.596338	3.932835	6.258710	1	1	1	1
FBtr0079799	Cks30A-RA	0.015557	0.009636	0.0014	0.0005	2.088108	2.696625	6.475451	6.530198	99.973415	103.039052	6.699441	7.530825	5.962250	3.130420	1	1	1	1
FBtr0079413	mEFG1-RA	0.007493	0.0	0.0003	0.0	2.194826	3.176468	4.609005	3.811168	11.371407	10.718922	19.577800	19.198734	5.671430	5.526815	1	1	1	1
FBtr0071785	Swim-RA	0.042891	0.049214	0.0118	0.0156	0.759106	0.499296	2.862035	1.523208	76.303025	68.986180	6.998851	5.373320	17.577700	17.529450	1	1	1	1
FBtr0070368	Pex5-RB	0.009138	0.010249	0.0005	0.0006	1.699035	2.249546	2.643818	2.568200	15.905166	1.480846	21.696892	23.902806	10.310050	11.810250	1	0	1	1
FBtr0072841	Mfap1-RA	0.018307	0.014577	0.002	0.0012	1.380338	0.872556	1.863317	1.463717	1.626513	20.125790	21.812050	23.355865	2.878355	3.634735	1	1	1	1
FBtr0303264	DAAM-RD	0.040464	0.005754	0.0106	0.0002	0.994378	3.768030	1.169110	4.834565	69.642741	67.183020	7.939305	6.156880	15.261800	26.698850	1	1	1	1
FBtr0445725	Usp5-RC	0.036266	0.026261	0.008	0.0039	0.790856	1.084107	2.300774	3.212709	5.939475	15.100437	17.880630	18.678797	4.319295	5.306320	1	1	1	1
FBtr0301008	CG32221-RB	0.015557	0.029738	0.0014	0.005	1.195272	0.198040	2.710438	1.520024	15.599664	9.889089	21.442825	19.691573	11.833850	13.373150	1	1	1	1
FBtr0080291	Rh5-RA	0.042891	0.020616	0.0118	0.0024	0.239806	1.622001	0.911474	3.461664	57.480862	13.394017	13.604856	8.367004	291.106500	353.618000	0	1	1	1
FBtr0079382	nrv2-RA	0.015557	0.013512	0.0014	0.001	1.652795	2.104694	3.243997	2.790668	74.177669	86.969599	7.264734	8.862148	126.236000	77.411950	1	1	1	1
FBtr0070494	Syx4-RA	0.042794	0.046386	0.0116	0.0135	1.092693	0.671550	2.615048	1.536825	26.406970	29.887182	0.023317	23.916035	11.427500	10.982650	1	1	1	1
FBtr0080994	mEFTs-RA	0.0	0.048425	0.0	0.0151	4.100212	0.633947	7.156535	2.464981	97.635699	15.162160	20.330267	20.121059	11.448750	12.487000	1	1	1	1
FBtr0100652	Cp110-RE	0.042034	0.030643	0.0113	0.0053	0.884028	0.496362	1.126429	3.384266	2.640949	0.081961	21.563762	23.452623	1.095722	1.614775	1	1	1	1
FBtr0113215	CG14688-RB	0.022706	0.005754	0.003	0.0002	1.383953	2.025336	3.548226	4.579910	5.857445	0.973729	2.799791	1.807124	45.641300	35.001200	1	1	1	1
FBtr0100153	h-RB	0.036062	0.003712	0.0079	0.0001	0.899353	1.270997	2.763730	3.319252	71.733809	84.945166	7.491682	5.779997	19.114550	32.816600	1	1	1	1
FBtr0336624	CG17005-RE	0.0	0.0	0.0	0.0	3.468091	3.202161	5.604863	5.291085	82.685311	77.254679	7.696183	7.379834	5.341310	2.751655	1	1	1	1
FBtr0473405	CG11951-RD	0.027998	0.0	0.0045	0.0	1.478970	3.672787	3.965804	4.951636	9.726057	41.351344	3.860082	3.628380	10.461300	20.381000	1	1	1	1
FBtr0077330	Syx16-RA	0.012521	0.033869	0.0009	0.0065	1.577946	0.868569	3.816992	2.511137	1.726994	4.566938	23.806585	0.221625	2.053460	3.077075	1	1	1	1
FBtr0336623	CG17005-RD	0.0	0.008746	0.0	0.0004	3.690548	3.419087	7.847922	6.072616	77.605433	78.810582	8.213686	7.979958	9.794670	5.498435	1	1	1	1
FBtr0336622	CG17005-RC	0.019809	0.003712	0.0023	0.0001	1.835884	1.424970	5.732082	7.089147	97.139256	81.974230	6.383379	5.255172	2.217885	1.430050	1	1	1	0
FBtr0071662	CG10082-RB	0.04964	0.04779	0.0159	0.0146	0.363424	0.760406	1.507209	3.116109	7.670323	3.930495	4.464789	4.023482	4.425485	3.661130	1	1	1	1
FBtr0100479	Gapdh1-RB	0.028909	0.033524	0.0049	0.0063	1.325920	1.211904	2.795058	3.394991	18.484707	8.606860	5.808925	6.491827	209.916000	148.046000	1	1	1	1
FBtr0073484	dlg1-RF	0.017516	0.008746	0.0018	0.0004	1.720590	2.759884	3.333338	3.120735	2.066689	6.760083	21.874384	0.193082	21.700350	23.124450	1	1	1	1
FBtr0345447	CG6115-RB	0.047831	0.0455	0.0146	0.013	0.845616	0.641437	0.904507	2.286244	65.748210	69.421761	1.743380	3.212523	174.421500	235.183500	1	1	1	1
FBtr0087511	RpI1-RA	0.023613	0.041427	0.0033	0.0101	0.889764	0.654316	1.419229	2.362396	0.748943	10.839143	22.638834	0.480677	4.185180	5.489115	1	1	1	1
FBtr0331810	CG7430-RB	0.041496	0.024935	0.0111	0.0035	0.752363	1.784953	1.171805	1.951540	18.126758	1.314693	22.403214	0.221687	53.378200	44.630350	1	1	1	1
FBtr0084362	CG13833-RA	0.008325	0.0	0.0004	0.0	2.676003	1.416664	3.189697	3.713928	1.209582	0.444855	22.158004	22.407769	11.941950	7.754615	1	1	1	1
FBtr0077830	AIF-RA	0.037648	0.036087	0.0087	0.0077	0.590188	0.985855	2.456476	2.409874	8.429196	4.524889	19.082645	17.191200	10.650550	10.120575	1	1	1	1
FBtr0086992	mbl-RB	0.023905	0.040922	0.0034	0.0098	1.373162	0.741660	3.176059	2.149046	46.656881	97.728304	19.629482	19.584537	2.556305	1.774680	1	1	1	1
FBtr0074344	CG4928-RA	0.00999	0.0	0.0006	0.0	2.321806	3.944029	3.476056	4.531547	1.628528	26.258900	2.502172	0.242550	41.730400	42.868550	1	1	1	1
FBtr0073004	CG32486-RD	0.024912	0.01179	0.0037	0.0008	1.551345	1.775646	2.103899	2.913507	21.096476	77.423789	23.068837	2.608380	83.912700	74.805600	1	1	1	1
FBtr0330258	CG43739-RA	0.034839	0.028304	0.0073	0.0045	0.765616	1.341332	1.368525	2.996855	9.248793	4.177945	7.394896	3.698862	23.327750	18.421550	1	1	1	1
FBtr0079282	CG9498-RA	0.004004	0.013512	0.0001	0.001	2.613503	1.990740	4.489526	2.412761	53.608795	0.290893	2.931571	1.204818	8.895480	10.794650	1	1	1	1
FBtr0301763	Nrg-RE	0.014403	0.0	0.0012	0.0	1.818608	4.388857	1.875042	4.474269	16.655674	35.276425	9.685418	10.330365	15.553250	16.220100	1	1	1	1
FBtr0070195	CG3713-RA	0.04964	0.0	0.0159	0.0	0.848271	2.472879	1.669103	4.037682	2.585549	84.059143	3.825812	4.194283	3.020425	1.925570	1	1	1	1
FBtr0083655	CG12333-RA	0.029042	0.025112	0.005	0.0036	1.131514	1.368285	3.623167	2.059065	0.806718	14.316565	22.135622	1.107258	10.030900	11.325750	1	0	1	1
FBtr0083126	Cp190-RA	0.016684	0.043683	0.0016	0.0115	1.817785	0.812530	1.977491	1.674820	52.318553	29.348824	22.318766	1.037452	8.790050	10.964950	1	1	1	1
FBtr0078070	Pph13-RA	0.022501	0.019923	0.0029	0.0022	2.064050	1.977120	3.437699	3.086543	4.051924	37.796855	19.113793	20.903404	6.911895	11.692200	1	1	1	1
FBtr0078571	Arf79F-RA	0.028909	0.038029	0.0049	0.0085	1.207369	0.885279	1.354956	1.222397	25.697970	37.502806	0.407354	1.148754	167.820500	212.673500	1	0	1	1
FBtr0301313	Zasp52-RI	0.004004	0.016938	0.0001	0.0016	2.947681	2.051979	3.485632	3.735399	23.018401	23.819578	23.578759	23.953399	9.879195	8.957950	1	1	1	1
FBtr0332295	Rph-RC	0.0	0.025789	0.0	0.0038	3.013155	1.214533	5.499332	3.544225	61.468033	69.226191	5.472552	6.910404	5.945140	4.359860	1	1	1	1
FBtr0340709	CG13315-RB	0.037798	0.015004	0.0089	0.0013	1.064978	1.507250	1.441568	2.219900	33.596925	50.914632	4.396648	5.128022	624.070500	1246.215000	1	1	1	1
FBtr0087456	Cyp6a21-RA	0.0	0.0	0.0	0.0	3.702077	3.138749	3.903346	4.302726	19.738180	2.497380	22.882502	23.514371	4.633940	5.531390	1	1	1	1
FBtr0072141	Taldo-RA	0.024682	0.031288	0.0036	0.0055	1.454882	1.234630	2.505098	1.800935	52.595221	64.236912	5.609246	5.731992	58.413150	82.018650	1	1	1	1
FBtr0078942	CG31522-RA	0.048215	0.014577	0.0148	0.0012	0.649133	2.213537	5.132029	4.035609	12.794892	90.447371	7.794527	6.968271	3.983990	5.934955	1	1	1	1
FBtr0086669	GstE1-RA	0.007493	0.032412	0.0003	0.0058	1.498175	1.131373	4.068102	2.209858	89.535452	7.006227	3.765377	3.102551	8.855185	20.067600	1	1	1	1
FBtr0077685	CG31694-RA	0.017147	0.008746	0.0017	0.0004	1.538678	3.368919	2.889424	4.466461	71.192070	82.955773	6.928446	7.502413	84.457850	121.723000	1	1	1	1
FBtr0086033	CG7881-RA	0.049997	0.026261	0.0161	0.0039	0.796611	0.302164	2.070051	1.743810	8.525019	0.528747	3.140945	0.512287	1.016353	2.979940	1	1	1	1
FBtr0303846	CG15093-RE	0.028773	0.033669	0.0048	0.0064	1.403335	1.068304	5.019487	4.519108	32.730634	42.410662	1.551563	3.345884	22.628150	27.067650	1	1	1	1
FBtr0332618	Gapdh2-RC	0.004004	0.047278	0.0001	0.0142	2.340608	0.564629	3.147090	2.348116	16.073328	29.330080	7.220944	11.234990	690.265000	880.569500	1	1	1	1
FBtr0073011	spz5-RA	0.00999	0.021821	0.0006	0.0027	2.557740	1.745114	3.895190	5.109093	3.199692	4.997457	4.361430	3.303736	2.532960	2.137780	1	1	1	1
FBtr0303117	Ank2-RL	0.037176	0.007274	0.0083	0.0003	1.400152	1.678030	1.467891	2.844227	92.780342	16.664787	22.150178	21.664234	8.419985	6.884905	1	1	1	1
FBtr0078694	Rheb-RB	0.006281	0.005754	0.0002	0.0002	1.250691	1.591134	3.786993	3.253529	10.709829	9.554903	19.818418	19.411948	6.735875	8.428130	1	1	1	1
FBtr0083712	NP15.6-RA	0.018021	0.044142	0.0019	0.0119	1.156110	0.889138	1.243362	1.024226	18.949183	19.594682	22.495426	0.289389	85.426900	73.432950	1	1	1	1
FBtr0339991	Shroom-RH	0.006281	0.01179	0.0002	0.0008	2.183708	2.195351	3.480811	3.215875	0.813352	19.848011	23.142261	22.837530	1.651050	1.836980	1	1	1	1
FBtr0299967	DIP-epsilon-RA	0.0	0.0	0.0	0.0	4.498006	4.288326	6.184269	6.014932	81.009254	71.870782	4.179816	1.717611	14.953550	17.263450	1	1	1	1
FBtr0299964	CG42365-RA	0.04638	0.017474	0.0136	0.0017	0.455804	0.928958	2.594197	3.152363	68.635732	80.869621	4.641101	4.625431	6.096175	18.256500	1	1	1	1
FBtr0079949	CG4908-RA	0.007493	0.044527	0.0003	0.0123	0.835772	0.671380	2.372743	2.369892	8.676463	10.330362	19.041789	17.856279	3.415190	4.142990	1	1	1	1
FBtr0072391	CG3760-RB	0.039427	0.04779	0.0099	0.0146	0.952087	0.657546	1.629120	0.906798	61.470684	17.638283	20.914818	20.780713	7.892925	8.341350	1	1	1	1
FBtr0305056	NKAIN-RK	0.029042	0.007274	0.005	0.0003	1.535900	2.839788	2.773347	3.101098	83.691879	86.475830	7.569719	8.355450	14.506800	19.565200	1	1	1	1
FBtr0071625	CG4302-RA	0.018307	0.005754	0.002	0.0002	1.253952	3.852516	2.963087	4.914302	34.733500	35.899829	2.434439	2.446295	37.281450	38.814350	1	1	1	1
FBtr0071624	CG15661-RA	0.024315	0.010249	0.0035	0.0006	1.358527	1.702940	2.166033	4.586997	0.891897	1.994318	1.625347	1.894322	14.561050	23.684550	1	1	1	1
FBtr0289993	CG30050-RB	0.042891	0.008746	0.0118	0.0004	0.897351	1.923006	1.876705	4.233632	58.023491	0.140309	6.206480	0.907579	13.398450	4.589070	1	1	1	1
FBtr0088176	dare-RA	0.004004	0.042756	0.0001	0.011	2.295044	0.998586	3.365271	1.364683	27.842441	36.843886	23.060472	0.286777	5.532425	6.158635	1	0	1	1
FBtr0082338	Ugt86Da-RA	0.006281	0.035056	0.0002	0.0072	2.922967	0.432985	4.080098	2.945110	7.600824	0.364347	1.719035	0.042917	18.401000	27.139600	1	1	1	1
FBtr0075347	Dbp73D-RA	0.043827	0.033669	0.0123	0.0064	0.882414	1.329307	1.536916	2.191945	76.141597	6.675218	21.954909	20.223211	3.922390	4.382360	1	1	1	1
FBtr0076750	Srp9-RA	0.024682	0.047375	0.0036	0.0143	1.680544	0.422932	2.130043	2.237405	2.768079	0.134990	2.326798	0.555629	27.332600	31.289900	1	1	1	1
FBtr0339722	puc-RB	0.004004	0.012733	0.0001	0.0009	2.387512	1.243569	3.022271	2.851543	12.105554	13.894493	8.475668	8.037689	30.602450	47.918250	1	1	1	1
FBtr0082115	CG9386-RA	0.015557	0.039656	0.0014	0.0092	1.233586	1.065594	2.029195	1.863403	63.325884	14.445903	21.300344	21.848388	10.362050	12.471750	1	1	1	1
FBtr0076694	MED24-RA	0.0	0.042524	0.0	0.0107	1.741431	0.939658	3.935523	2.802913	9.005828	20.651715	19.234393	20.638551	6.765960	8.954365	1	0	1	1
FBtr0080397	spict-RA	0.014986	0.046673	0.0013	0.0137	2.094762	0.628015	2.683090	1.852669	95.772900	93.542142	6.714115	4.110788	16.682150	30.591050	1	1	1	1
FBtr0344568	CG45093-RD	0.004004	0.01179	0.0001	0.0008	2.609197	2.484417	3.696123	3.968553	30.353080	74.496909	9.814074	8.202257	115.903500	141.659000	1	1	1	1
FBtr0082526	ClC-a-RA	0.0	0.007274	0.0	0.0003	2.548275	1.450669	3.005538	4.355501	1.748432	0.154155	22.392679	23.117897	2.338395	2.364610	1	1	1	1
FBtr0082298	CG14694-RA	0.012521	0.039006	0.0009	0.0089	1.963755	1.146328	2.453239	2.161908	68.316211	80.385859	5.470663	6.390826	7.842540	5.981435	1	1	1	1
FBtr0080468	CG6565-RA	0.04087	0.003712	0.0108	0.0001	1.065670	2.651283	2.153434	5.494922	21.544483	11.898030	22.258471	22.984611	5.073340	5.108690	1	1	1	1
FBtr0073233	CG1316-RA	0.034291	0.011106	0.0071	0.0007	1.011323	1.745227	1.113851	3.423399	36.906708	75.202311	0.677962	2.653441	49.957250	45.826400	0	1	1	1
FBtr0306937	CG43340-RG	0.037274	0.007274	0.0084	0.0003	-0.141494	1.834511	1.280802	2.239026	11.124170	7.980682	20.071085	18.915680	2.477600	2.792570	1	1	1	1
FBtr0299915	brp-RD	0.047318	0.005754	0.0142	0.0002	0.494039	1.770231	0.534560	4.433323	1.955184	76.696742	2.619646	3.611233	7.388500	7.449310	1	1	1	1
FBtr0086457	par-1-RH	0.009138	0.010249	0.0005	0.0006	2.139714	2.146930	2.590605	2.613060	0.600953	24.572536	1.898551	2.395291	16.637650	26.098450	1	1	1	1
FBtr0078592	Osi2-RB	0.037798	0.047003	0.0089	0.014	0.942124	0.708775	2.291378	1.788137	5.207886	0.527998	1.241501	0.651338	5.066535	5.622545	1	1	1	1
FBtr0084632	CG5728-RA	0.040136	0.038851	0.0103	0.0088	0.996243	1.077576	1.939720	1.565584	56.681205	92.150460	21.685853	0.115722	6.092295	6.597730	1	1	1	1
FBtr0301626	mRpS35-RA	0.03986	0.038551	0.0101	0.0087	0.792939	1.005264	2.036873	1.508503	15.473926	3.310905	21.227198	21.057145	11.642950	12.456450	1	1	1	1
FBtr0342607	firl-RE	0.015557	0.044884	0.0014	0.0126	2.308133	0.423341	2.802934	1.307439	38.937996	2.726583	3.133343	0.073863	5.455555	9.831025	1	1	1	1
FBtr0077576	Hydr2-RA	0.042507	0.014577	0.0115	0.0012	0.701901	2.103668	3.446160	4.453085	17.901142	20.093763	10.258585	10.743147	36.841200	54.391900	1	1	1	1
FBtr0345485	Cyp6w1-RB	0.028219	0.019427	0.0046	0.0021	1.082546	1.904707	1.967714	2.567004	85.758175	79.671639	10.417406	9.452967	3.380205	5.677650	1	1	1	1
FBtr0082747	Dic1-RB	0.036266	0.031618	0.008	0.0056	1.160053	0.647471	1.642884	1.565171	5.253468	56.269194	3.119937	4.291248	22.220200	24.477750	1	1	1	1
FBtr0082066	RnpS1-RA	0.037495	0.036597	0.0086	0.0079	0.550664	1.415126	0.717198	2.590359	26.350898	73.206716	23.687686	21.913521	5.251375	6.627120	1	1	1	1
FBtr0087547	Arc2-RA	0.037274	0.014133	0.0084	0.0011	1.191678	2.285959	3.578905	2.783927	90.104120	107.314181	7.057768	7.539114	1.400270	8.303470	1	1	1	1
FBtr0075712	CG4914-RA	0.0	0.025789	0.0	0.0038	2.257854	1.634434	2.646127	1.851374	67.383042	9.824496	4.759407	5.622144	2.894235	1.374200	1	1	1	1
FBtr0302187	Efa6-RG	0.028433	0.042754	0.0047	0.0109	0.904552	0.849048	1.431901	3.631572	54.359784	90.557841	4.119145	6.447262	19.554800	17.887100	1	1	1	1
FBtr0081882	CG8036-RC	0.03986	0.037353	0.0101	0.0082	0.966119	1.312654	3.336386	2.121756	47.144277	70.803635	6.918437	7.505593	99.549900	153.436000	1	1	1	1
FBtr0083908	CG5191-RC	0.034291	0.007274	0.0071	0.0003	0.974433	1.985151	2.017848	2.303894	4.888212	75.729619	5.117070	4.214875	19.419800	19.858400	1	1	1	1
FBtr0082591	CG5844-RA	0.04544	0.041734	0.0129	0.0103	0.619715	0.689044	0.834585	0.831698	32.062469	4.149342	19.535997	20.956996	5.995180	9.115715	1	1	1	1
FBtr0290096	RhoGAP15B-RC	0.008325	0.018191	0.0004	0.0018	2.516895	2.080947	3.651384	2.409811	12.970891	20.416307	8.114351	8.067683	5.233480	10.877500	1	1	1	1
FBtr0076199	CG7888-RC	0.046577	0.047923	0.0138	0.0148	0.864997	0.723010	1.970132	1.237707	3.617992	3.816667	4.577887	4.276448	61.981350	65.173850	1	1	1	1
