geneID	symbol	yQvalue	oQvalue	yPvalue	oPvalue	yRP24	oRP24	ySP	oSP	yPVEC	oPVEC	yPhase	oPhase	yMedian	oMedian	yDetectable	oDetectable	yNonZero	oNonzero
FBtr0335491	Slob-RK	0.007493	0.023784	0.0003	0.0032	1.847579	1.251643	2.442454	2.746304	30.891272	17.932709	9.105796	8.227350	22.734700	23.631300	1	1	1	1
FBtr0076273	CG6409-RA	0.02971	0.033524	0.0052	0.0063	1.392493	1.251348	1.942619	1.478871	7.801948	7.625616	18.618160	18.669385	67.468800	155.171000	1	1	1	1
FBtr0081087	bsf-RA	0.0	0.011106	0.0	0.0007	2.793646	2.469950	3.919502	3.065247	10.503245	9.772178	19.721101	19.194274	19.112700	26.636450	1	0	1	1
FBtr0331960	Pkc53E-RF	0.030821	0.025112	0.0056	0.0036	1.486684	1.273573	1.628674	1.749647	14.385540	36.396102	19.995315	19.642889	126.786500	84.904450	1	1	1	1
FBtr0088425	RpLP0-like-RA	0.037648	0.016938	0.0087	0.0016	1.068110	2.201920	1.952626	2.761756	72.674201	0.689901	23.086942	21.976649	7.576000	9.613330	1	1	1	1
FBtr0089050	Ady43A-RA	0.023063	0.0	0.0031	0.0	0.778586	1.736664	1.285436	4.243164	23.273527	0.368183	1.092425	0.570176	20.199350	11.391500	1	1	1	1
FBtr0300598	ATPCL-RF	0.025698	0.047102	0.0039	0.0141	1.340352	0.981763	3.122408	1.804278	49.285017	86.061067	6.057420	8.718252	15.319650	24.675700	1	1	1	1
FBtr0078015	dock-RC	0.047831	0.010249	0.0146	0.0006	0.601219	2.396552	1.093065	3.099360	14.908906	13.785725	21.300949	20.518795	29.119200	26.251050	1	1	1	1
FBtr0078787	RpII18-RA	0.014403	0.003712	0.0012	0.0001	1.989274	1.777387	2.504511	3.615406	14.528149	2.136897	23.271495	0.581568	15.307300	17.540300	1	1	1	1
FBtr0112922	Gasp-RB	0.030821	0.0	0.0056	0.0	1.201576	4.352443	2.109280	5.368036	0.647193	14.559743	1.966358	0.917017	17.058650	21.956950	1	1	1	1
FBtr0087678	CG6191-RA	0.033164	0.0	0.0065	0.0	1.056001	3.230273	1.768638	3.320542	40.927436	17.585309	2.229133	2.586358	21.224100	20.349400	1	1	1	1
FBtr0078995	CG14043-RA	0.030526	0.019427	0.0055	0.0021	0.593286	1.576525	0.904568	1.882415	76.153600	74.970665	20.865760	20.484754	7.659905	9.157265	1	0	1	1
FBtr0088227	CG12325-RA	0.034646	0.033869	0.0072	0.0065	1.163143	0.874977	2.912714	1.432796	55.814473	27.018640	22.391918	23.561172	5.139150	5.627960	1	1	1	1
FBtr0088228	nclb-RA	0.035344	0.005754	0.0075	0.0002	0.968701	1.840036	2.164982	2.516671	52.179002	30.070195	22.791317	0.450593	13.012600	15.468400	1	1	1	1
FBtr0071682	pirk-RA	0.027998	0.047375	0.0045	0.0143	0.795475	0.991887	1.285383	1.684289	12.804556	12.693349	3.945257	23.566788	2.166800	3.819380	1	1	1	1
FBtr0114615	l(2)05287-RB	0.026062	0.046723	0.004	0.0138	1.143651	0.613837	2.261546	3.804061	7.415970	1.708987	21.663856	22.140282	4.500630	5.488075	0	1	1	1
FBtr0080937	CG17996-RA	0.019426	0.015004	0.0022	0.0013	0.789875	1.387914	2.371788	2.912205	9.738132	11.504437	19.503191	20.275471	24.281450	25.549700	1	1	1	1
FBtr0300276	CG6967-RC	0.008325	0.026577	0.0004	0.004	4.467581	1.410109	4.686401	2.712846	17.641752	9.179888	22.216811	18.988568	1.871050	1.661940	1	1	1	1
FBtr0070777	CG15784-RA	0.008325	0.003712	0.0004	0.0001	2.939604	3.668774	4.200284	6.909640	18.975684	52.499774	8.110188	12.434804	76.393050	698.874000	1	1	1	1
FBtr0080117	CG17124-RA	0.022706	0.014133	0.003	0.0011	1.209219	1.810828	1.690878	1.860956	21.428724	9.970187	18.674830	19.098596	88.468500	112.410500	1	1	1	1
FBtr0339432	CG13366-RE	0.035867	0.014133	0.0077	0.0011	0.892504	2.035114	1.168319	2.954727	99.188571	3.585871	18.747552	22.531721	7.015565	5.870850	1	1	1	1
FBtr0084107	CG3337-RA	0.016056	0.044793	0.0015	0.0125	0.311961	0.682302	1.232187	0.963936	13.769027	8.383943	21.012082	20.129646	22.891700	22.020600	1	1	1	1
FBtr0081468	CG9253-RA	0.014403	0.03761	0.0012	0.0083	1.952054	0.963704	3.974531	2.373703	19.889807	16.459056	21.515413	21.440611	17.310650	18.191300	1	1	1	1
FBtr0113101	ND-B12-RB	0.016056	0.04386	0.0015	0.0117	1.718209	1.057175	2.439286	1.388076	9.534833	0.013160	22.777880	23.728391	20.120550	19.124300	1	1	1	1
FBtr0334140	Pde1c-RG	0.042507	0.028574	0.0115	0.0046	0.732478	1.355514	1.357409	2.251519	82.577001	3.231213	0.967245	1.167244	13.175450	14.434700	1	0	1	1
FBtr0087780	CG3955-RA	0.04638	0.009636	0.0136	0.0005	-0.092873	1.125876	2.050975	3.303637	8.760819	13.078071	19.249347	20.853381	15.743550	11.600650	1	1	1	1
FBtr0072594	dpr20-RA	0.044123	0.014577	0.0124	0.0012	0.567184	0.599492	1.360031	2.334646	42.629136	0.046948	23.911986	23.916947	4.533680	4.077715	0	1	1	1
FBtr0073972	pdgy-RA	0.009138	0.007274	0.0005	0.0003	1.737935	3.515761	4.377011	3.839621	15.420608	16.626063	21.580572	21.690074	24.921300	40.578500	1	0	1	1
FBtr0345216	gb-RB	0.00999	0.023009	0.0006	0.003	1.318161	1.564119	3.404882	2.880745	0.250568	93.395760	22.773905	22.253641	15.234750	20.271300	1	1	1	1
FBtr0085329	CG14528-RA	0.016684	0.022182	0.0016	0.0028	0.904375	1.001054	4.039660	4.771951	8.216532	6.282447	19.004481	18.086636	15.060600	25.864850	1	1	1	1
FBtr0075023	CG6836-RA	0.028909	0.035342	0.0049	0.0073	1.553018	1.401058	4.258906	2.283343	21.506301	52.658160	23.338395	21.911012	10.007870	11.912700	1	1	1	1
FBtr0079164	obst-E-RB	0.04544	0.046723	0.0129	0.0138	0.591048	0.251046	2.706756	0.757849	23.297031	16.014635	23.052320	21.776868	7.338585	9.217800	1	1	1	1
FBtr0345602	CG6983-RB	0.008325	0.037722	0.0004	0.0084	2.797300	1.147817	3.273548	3.091230	40.994188	87.002941	23.835812	22.224920	225.747000	135.032500	1	1	1	1
FBtr0085320	Noa36-RA	0.018307	0.049426	0.002	0.0157	1.413874	0.984890	1.787114	1.531103	46.482318	4.331582	20.149103	19.689741	5.017925	5.732530	1	1	1	1
FBtr0079603	CG14275-RB	0.023613	0.014133	0.0033	0.0011	1.880980	1.805650	2.376078	2.078569	105.245809	47.892193	15.457368	14.301585	57.282300	79.392050	1	1	1	1
FBtr0075457	CG5027-RA	0.0	0.005754	0.0	0.0002	1.991784	1.987412	3.758846	5.783120	0.103992	0.108856	23.369806	23.952414	19.243200	15.650050	1	1	1	1
FBtr0082417	CG18764-RA	0.036062	0.036087	0.0079	0.0077	0.216922	0.689291	1.266582	2.636795	12.235517	7.914975	20.568114	18.842954	5.339825	6.397355	1	1	1	1
FBtr0074615	CG6617-RA	0.0411	0.041581	0.0109	0.0102	0.494294	0.789625	1.900679	1.897691	18.997226	6.107138	0.038061	22.612518	16.092700	19.060750	1	1	1	1
FBtr0079807	Mco1-RA	0.014986	0.0	0.0013	0.0	1.281077	2.600614	2.510615	3.162541	47.024982	38.884069	12.256824	13.223882	2.767160	4.046105	1	1	1	1
FBtr0299698	prom-RB	0.0	0.028574	0.0	0.0046	4.609234	1.912637	5.203864	2.244600	24.064535	19.208633	19.892604	21.780184	11.896220	8.519690	1	1	1	1
FBtr0086126	Mccc2-RA	0.041496	0.024052	0.0111	0.0033	0.698499	1.318993	1.994622	2.078449	14.562264	13.586796	20.923323	20.869666	8.120650	9.070265	1	0	1	1
FBtr0333768	Smr-RG	0.042891	0.043758	0.0118	0.0116	0.645032	0.927566	2.920692	2.035525	97.030886	120.445312	9.600722	11.799630	14.076950	17.187500	1	0	1	1
FBtr0072277	mRpS17-RA	0.009138	0.014577	0.0005	0.0012	2.062506	1.771788	2.279489	6.807933	3.756231	1.090826	20.903707	21.675800	12.625100	14.006450	1	1	1	1
FBtr0081822	CG2767-RA	0.00999	0.0	0.0006	0.0	1.441642	2.719138	6.048426	3.672540	0.743002	0.082866	22.844834	23.589354	78.246600	129.815000	1	1	1	1
FBtr0089497	Gdh-RF	0.008325	0.021821	0.0004	0.0027	2.130943	1.193803	2.651602	2.370602	7.626987	0.209400	22.460698	0.895143	18.328500	14.314050	1	1	1	1
FBtr0087512	LamC-RA	0.040464	0.003712	0.0106	0.0001	0.891057	2.083608	1.576433	2.781923	23.816118	71.579729	2.611653	4.103956	13.398100	18.899950	0	1	1	1
FBtr0087456	Cyp6a21-RA	0.0	0.0	0.0	0.0	3.702077	3.138749	3.903346	4.302726	19.738180	2.497380	22.882502	23.514371	4.633940	5.531390	1	1	1	1
FBtr0087455	Cyp6a8-RA	0.038458	0.031288	0.0094	0.0055	0.608240	1.063615	0.833032	2.368345	45.565885	93.911473	3.268397	5.500949	16.416900	23.334900	1	1	1	1
FBtr0074684	CG8034-RA	0.035344	0.020616	0.0075	0.0024	1.166104	2.026905	1.634371	2.543963	10.011289	3.635489	18.924298	19.423325	12.363100	11.761450	1	1	1	1
FBtr0073158	CG14977-RA	0.03291	0.019427	0.0064	0.0021	0.932597	1.611368	1.749314	2.732759	1.442451	2.057415	0.935984	3.247469	16.061100	18.689300	1	1	1	1
FBtr0089931	Rab32-RB	0.012983	0.022182	0.001	0.0028	1.217333	1.316758	2.785741	2.659616	10.584927	37.649898	19.939687	18.654263	7.140295	7.321935	1	1	1	1
FBtr0346636	Rab32-RJ	0.017516	0.017474	0.0018	0.0017	1.858767	1.602431	3.118405	2.164465	11.335197	13.588034	18.681007	17.694669	31.918250	31.287850	1	1	1	1
FBtr0083139	CG6654-RA	0.021654	0.044159	0.0027	0.012	0.561997	0.983410	0.950175	2.091090	15.910004	1.950819	21.710516	21.350303	16.096950	14.640750	1	1	1	1
FBtr0302187	Efa6-RG	0.028433	0.042754	0.0047	0.0109	0.904552	0.849048	1.431901	3.631572	54.359784	90.557841	4.119145	6.447262	19.554800	17.887100	1	1	1	1
FBtr0072150	Fmo-1-RA	0.010993	0.012733	0.0007	0.0009	2.452105	2.286681	3.193554	5.244070	16.325647	1.277215	21.691025	21.302825	9.782175	8.107080	1	1	1	1
FBtr0310268	mod-RC	0.006281	0.020616	0.0002	0.0024	4.489023	1.745732	5.575238	3.439282	40.556045	4.394630	21.982450	20.926910	69.343100	66.354550	1	1	1	1
FBtr0303857	kst-RF	0.009138	0.024513	0.0005	0.0034	1.985823	1.996520	2.237024	3.278551	14.245751	91.429759	21.120604	23.383614	11.041850	15.610450	1	1	1	1
FBtr0078342	Tsr1-RA	0.012521	0.042524	0.0009	0.0107	1.483904	0.572144	2.083430	1.871197	54.479082	1.664714	21.870245	22.376377	6.918700	9.495390	1	1	1	1
FBtr0077323	CG15456-RA	0.036062	0.019089	0.0079	0.002	0.371748	1.537528	0.710211	3.568831	79.728889	12.806762	20.035066	19.531696	8.968685	7.821715	1	1	1	1
FBtr0344222	Ank2-RY	0.033382	0.033998	0.0066	0.0067	1.530906	1.370011	2.430495	2.251726	22.303819	39.607813	19.989904	19.849970	5.268730	2.975305	1	1	1	1
FBtr0080095	CG18302-RA	0.023613	0.014133	0.0033	0.0011	0.842830	1.625425	1.113380	1.825720	89.942433	64.074193	14.795599	13.493449	7.026815	4.072785	1	1	1	1
FBtr0077266	CG15449-RA	0.034646	0.030065	0.0072	0.0051	1.107428	0.864247	1.164552	3.002852	13.329889	0.965531	20.015553	14.387954	8.603080	9.264700	1	1	1	1
FBtr0071883	blw-RA	0.038686	0.044527	0.0095	0.0123	0.839667	0.407415	1.199233	1.948965	15.993146	0.599953	21.155691	22.232688	171.549000	142.799000	1	1	1	1
FBtr0299869	RpL10-RC	0.041329	0.028027	0.011	0.0044	-0.355912	1.203067	2.835137	3.784682	13.315771	15.697450	20.850673	21.072338	1585.615000	1806.660000	1	1	1	1
FBtr0075897	mRpL20-RA	0.009138	0.010249	0.0005	0.0006	1.428315	2.278205	2.398551	2.592102	10.091760	7.044705	19.637884	19.989906	19.239450	19.383950	1	1	1	1
FBtr0078197	CG5955-RA	0.016684	0.011106	0.0016	0.0007	1.588246	2.375552	2.481446	2.438304	29.182723	38.003129	23.898068	1.429551	19.781500	27.322550	1	1	1	1
FBtr0087891	Ak6-RA	0.021654	0.048814	0.0027	0.0154	1.371965	0.629925	1.900811	2.366295	31.135569	0.209462	22.945482	23.134897	12.896050	13.585850	1	1	1	1
FBtr0076688	CdsA-RA	0.0	0.009636	0.0	0.0005	3.121981	2.213356	3.464468	2.565582	2.144389	1.367852	22.329153	21.467452	449.531000	289.796500	1	1	1	1
FBtr0070420	Vinc-RA	0.006281	0.005754	0.0002	0.0002	2.719548	2.696926	3.969032	3.965147	79.364599	74.050036	7.767599	6.397818	18.852950	23.019850	1	1	1	1
FBtr0070422	SmydA-8-RA	0.0	0.0	0.0	0.0	3.680973	4.118132	6.026163	8.405183	2.861227	1.730358	20.001162	22.299493	18.330350	23.960050	1	1	1	1
FBtr0083358	CG10340-RA	0.010993	0.016938	0.0007	0.0016	2.281104	1.833208	3.116521	3.589736	10.800447	2.970485	21.374389	19.838119	22.869800	22.018350	1	1	1	1
FBtr0345089	Svil-RG	0.023063	0.040256	0.0031	0.0095	2.284601	1.253371	3.423979	3.828238	5.743545	11.020020	20.261625	18.560651	2.117475	2.181365	1	1	1	1
FBtr0306944	CG43341-RA	0.014986	0.03761	0.0013	0.0083	1.867570	0.757450	3.003962	2.005198	19.755421	13.332269	22.554828	20.938579	5.090025	4.844215	1	1	1	1
FBtr0306943	CG43340-RO	0.034122	0.013512	0.007	0.001	1.542367	2.478036	3.994117	4.292640	14.119066	6.095541	20.784082	22.227555	14.929250	12.270900	1	1	1	1
FBtr0087290	bug-RA	0.042794	0.037151	0.0117	0.0081	0.891330	0.731152	0.928622	1.906558	36.860521	19.719552	20.431308	21.663894	12.590600	13.659500	0	1	1	1
FBtr0334483	bt-RI	0.019426	0.049692	0.0022	0.0159	0.639462	0.357649	1.043532	1.877432	33.778666	10.478951	15.489091	16.136336	10.628050	15.527500	1	1	1	1
FBtr0080979	CG15141-RA	0.021654	0.029738	0.0027	0.005	1.645792	0.974586	1.931060	1.013785	0.013455	0.664717	0.178542	22.070584	7.415115	7.841760	1	1	1	1
FBtr0299796	CG42329-RA	0.014986	0.04386	0.0013	0.0117	2.065883	1.234251	2.859916	1.749589	29.226736	24.963113	4.019053	23.962817	8.976235	5.947255	1	1	1	1
FBtr0307093	salr-RC	0.038318	0.035735	0.0093	0.0075	0.929510	1.042800	2.971581	1.742121	2.930086	0.848402	20.210135	23.315135	2.011935	2.533175	1	0	1	1
FBtr0345074	CG9674-RI	0.02971	0.018637	0.0052	0.0019	1.504504	2.141036	2.630700	3.535805	8.300810	5.387925	20.667335	20.312983	16.271800	18.882850	1	1	1	1
FBtr0071300	Bap111-RA	0.028909	0.040424	0.0049	0.0096	0.092512	0.351218	2.808032	3.909381	10.900840	8.402275	19.948394	18.980932	5.877865	7.136160	1	1	1	1
FBtr0077567	tim-RB	0.007493	0.0	0.0003	0.0	2.264476	3.927173	2.388385	4.671153	26.794919	25.913222	14.208981	12.329143	34.157850	42.807250	1	1	1	1
FBtr0300901	Dtd-RB	0.04087	0.021564	0.0108	0.0026	0.899485	1.054525	1.774618	1.403581	20.877052	9.068862	23.190950	19.014120	7.991790	10.613200	1	1	1	1
FBtr0083852	Xport-A-RA	0.028433	0.008746	0.0047	0.0004	1.600323	2.261948	2.749546	3.547611	2.520922	6.403657	20.998330	23.131113	135.178000	159.246500	1	1	1	1
FBtr0073113	ND-30-RA	0.007493	0.010249	0.0003	0.0006	1.800292	2.295243	2.268556	2.690539	18.615071	18.620197	22.437808	23.204840	49.360900	56.825700	1	1	1	1
FBtr0073833	AMPdeam-RC	0.008325	0.023784	0.0004	0.0032	1.664105	1.762747	2.675520	3.118481	0.315719	1.243817	22.625723	21.269173	16.608650	17.695850	1	1	1	1
FBtr0073527	bif-RC	0.038458	0.036087	0.0094	0.0077	0.045802	1.095949	2.254553	2.827079	11.760776	32.008075	20.181332	21.701850	7.755390	10.389500	1	1	1	1
FBtr0305965	CG14661-RB	0.011853	0.016399	0.0008	0.0015	1.696927	2.180730	3.640642	2.898154	0.038293	15.823626	0.407128	21.677513	301.748000	270.165500	1	1	1	1
FBtr0084824	CG31300-RA	0.007493	0.019427	0.0003	0.0021	2.436084	2.000999	3.173460	3.431944	7.235876	19.305089	21.761794	22.667593	22.710250	38.845650	1	1	1	1
FBtr0100559	Hsp22-RB	0.039267	0.005754	0.0098	0.0002	1.265870	2.893038	1.498966	3.149610	62.619225	35.945453	13.860053	12.398225	12.320150	208.420000	1	1	1	1
FBtr0085450	Obp99a-RA	0.045639	0.007274	0.0132	0.0003	0.420666	1.206418	0.694146	2.108879	53.794999	32.553219	15.679721	13.631703	33.510850	26.758050	1	1	1	1
FBtr0088346	CAP-RE	0.042794	0.005754	0.0117	0.0002	0.384925	1.662158	2.184323	2.117050	9.403828	52.627958	19.156295	16.920473	69.297250	121.814000	1	1	1	1
FBtr0084264	CG33110-RA	0.020077	0.008746	0.0024	0.0004	1.635112	3.734043	1.977414	4.008810	78.630571	78.929808	6.968792	8.125379	19.172750	29.086500	1	1	1	1
FBtr0088348	CG12909-RA	0.024912	0.025112	0.0037	0.0036	1.499569	0.938129	1.666830	2.043408	15.437066	1.641384	20.568644	21.612209	2.868170	3.737320	1	1	1	1
FBtr0071907	EMC8-9-RA	0.038236	0.0	0.0092	0.0	1.077222	2.644607	1.451298	4.330543	10.278071	32.773638	21.819588	23.656259	25.707250	30.723050	1	1	1	1
FBtr0078227	mRpL15-RA	0.014403	0.033257	0.0012	0.0062	0.755143	1.419656	3.304838	3.361795	13.449740	1.966104	20.946360	20.661208	3.708970	4.538365	1	1	1	1
FBtr0084853	CG10553-RA	0.014986	0.024935	0.0013	0.0035	1.771382	1.542306	5.311366	2.726679	0.991317	4.324544	21.638148	19.011628	45.730250	39.123150	1	1	1	1
FBtr0076810	CG7409-RA	0.04638	0.016399	0.0136	0.0015	0.711786	-0.152660	2.228455	1.011633	16.262185	0.010785	20.997407	23.855440	79.135400	16.087450	1	1	1	1
FBtr0111274	CG17528-RC	0.03291	0.035569	0.0064	0.0074	0.558466	0.716371	3.060813	2.969231	12.279358	12.200540	20.102711	20.207721	27.106850	32.494000	1	1	1	1
FBtr0088935	CG18812-RC	0.022218	0.003712	0.0028	0.0001	1.768062	2.464424	2.293050	3.529863	18.643632	14.675274	22.501932	21.130716	24.977000	31.959850	1	1	1	1
FBtr0083053	mRpS10-RA	0.026354	0.025455	0.0041	0.0037	1.371518	1.467569	2.263431	2.296373	1.086081	1.357232	21.957913	22.808717	6.101175	7.366305	1	1	1	1
FBtr0340041	CG16952-RE	0.016056	0.033257	0.0015	0.0062	1.585796	1.099392	2.409079	1.942583	9.435402	79.612793	19.523464	20.300837	5.853140	5.363265	1	1	1	1
FBtr0087934	CG8545-RA	0.030526	0.013512	0.0055	0.001	1.211372	2.074029	2.042450	2.472992	87.473270	22.123947	20.985995	23.122647	3.642695	4.814960	1	1	1	1
FBtr0336853	CG44195-RA	0.0	0.0	0.0	0.0	4.927651	5.332355	6.337869	5.528403	24.785911	22.850329	22.755068	22.539279	149.319000	139.132500	1	1	1	1
FBtr0339237	CG11221-RB	0.017147	0.035056	0.0017	0.0072	1.506694	1.233837	2.559044	1.532097	10.588502	35.538451	7.683231	8.750832	15.905650	10.887600	1	1	1	1
FBtr0078417	CG9391-RA	0.022501	0.030953	0.0029	0.0054	1.357654	0.753222	1.860182	3.239233	14.021541	0.248400	23.354563	1.204308	20.177100	21.833650	1	1	1	1
FBtr0110882	Wdr62-RB	0.037648	0.026261	0.0088	0.0039	0.288171	1.551893	0.513212	2.125763	7.269059	54.382321	6.247394	5.664678	13.240100	26.132200	1	1	1	1
FBtr0072281	tamo-RA	0.012521	0.021143	0.0009	0.0025	1.871886	0.806925	1.962123	1.888531	60.725027	48.084765	4.121936	4.214577	12.624600	15.627050	1	1	1	1
FBtr0072164	EbpIII-RA	0.012983	0.04264	0.001	0.0108	0.354030	0.547948	2.795988	0.810871	12.335278	10.889574	20.515512	18.581002	1108.540000	1876.165000	1	1	1	1
FBtr0072162	CG11388-RA	0.008325	0.0	0.0004	0.0	2.541877	3.503890	3.477205	3.965109	14.830567	0.704310	22.502331	23.291614	37.200500	28.570050	1	1	1	1
FBtr0300500	Pdp1-RJ	0.0	0.003712	0.0	0.0001	2.828941	3.436004	4.082465	4.735557	54.864574	110.887806	15.333087	14.192772	22.721450	28.723150	1	1	1	1
FBtr0088333	Hdc-RA	0.007493	0.024052	0.0003	0.0033	2.124631	1.609469	3.621197	2.479027	0.931442	15.516106	22.665911	21.987982	16.326400	13.726800	1	1	1	1
FBtr0075993	CG11560-RA	0.023507	0.024935	0.0032	0.0035	1.745324	1.401041	2.424252	3.630227	18.026712	19.839658	21.189347	21.039721	14.203150	13.217200	1	1	1	1
FBtr0083179	alpha-Man-IIb-RA	0.021208	0.028867	0.0026	0.0047	2.015102	1.499976	3.336454	3.447544	1.948901	0.781992	20.920636	21.856396	20.101950	13.018900	1	1	1	1
FBtr0300048	CG34180-RB	0.0	0.0	0.0	0.0	2.413504	2.584241	4.263532	5.062029	1.689553	0.969391	22.592644	21.819211	8.833525	4.473710	1	1	1	1
FBtr0112422	CG34229-RA	0.038458	0.033998	0.0094	0.0067	0.414637	1.115124	1.217381	1.826952	12.869559	2.285917	20.691629	20.350673	8.393985	9.246575	1	1	1	1
FBtr0080850	CG5861-RA	0.022501	0.019427	0.0029	0.0021	1.110944	2.104831	1.684653	2.643623	16.765859	68.338242	22.451129	23.714645	22.331250	27.040100	1	1	1	1
FBtr0332775	SCCRO4-RD	0.04638	0.021821	0.0136	0.0027	0.310587	2.205993	0.443955	3.541948	39.795638	2.980063	2.991734	4.226154	17.882600	18.213400	1	1	1	1
FBtr0080539	CAH1-RA	0.040464	0.025455	0.0106	0.0037	1.034450	1.891058	2.460340	3.247270	0.651039	11.718130	22.095607	20.884400	64.314300	89.248300	0	1	1	1
FBtr0078670	Hat1-RA	0.037176	0.046227	0.0083	0.0134	1.179774	0.863411	2.479744	0.932592	18.815936	14.820872	20.595745	20.704036	6.346970	8.055020	1	0	1	1
FBtr0079372	CG13773-RA	0.012521	0.044142	0.0009	0.0119	2.540809	0.882607	2.714313	1.018393	9.469474	12.913815	22.490977	21.377258	5.225215	6.936865	1	1	1	1
FBtr0082384	mRpL40-RA	0.018307	0.016938	0.002	0.0016	1.992139	1.458516	2.846569	2.032815	76.461923	4.362084	21.671733	22.928427	5.254510	6.435005	1	1	1	1
FBtr0079071	vri-RA	0.006281	0.0	0.0002	0.0	2.465159	3.343659	2.996577	3.655088	45.893357	31.735328	13.990311	13.257514	53.277850	85.577000	1	1	1	1
FBtr0079883	CG4619-RA	0.0	0.014133	0.0	0.0011	4.117830	2.278888	4.815927	3.036381	4.407256	9.366275	19.585003	21.017565	1.976540	1.756120	1	1	1	1
FBtr0073362	CG7509-RA	0.034291	0.019923	0.0071	0.0022	1.058486	1.415064	1.760877	3.069513	10.869587	7.547055	17.646485	16.723445	24.864650	14.657350	1	1	1	1
FBtr0081599	CG1234-RA	0.014403	0.042756	0.0012	0.011	2.238799	0.777971	2.448900	1.576316	5.013667	0.846567	20.350277	21.793169	5.170445	6.345290	0	1	1	1
FBtr0078070	Pph13-RA	0.022501	0.019923	0.0029	0.0022	2.064050	1.977120	3.437699	3.086543	4.051924	37.796855	19.113793	20.903404	6.911895	11.692200	1	1	1	1
FBtr0084135	lsn-RA	0.04964	0.035569	0.0159	0.0074	0.585834	1.061628	1.230029	2.228990	14.826202	84.879923	21.342975	22.659746	7.716735	11.889950	1	1	1	1
FBtr0111011	mRpL34-RA	0.023905	0.047102	0.0034	0.0141	0.743558	0.882154	0.952464	2.441622	16.399789	18.524561	21.880833	20.053539	8.601410	8.366235	1	1	1	1
FBtr0308238	CG7582-RB	0.034291	0.030065	0.0071	0.0051	0.557503	1.134304	1.797002	2.312721	14.981374	39.126637	21.318573	20.680707	19.640150	11.636050	1	1	1	1
FBtr0074216	UQCR-14-RA	0.008325	0.003712	0.0004	0.0001	3.203238	2.309501	4.168936	5.165520	17.977933	1.581157	21.890000	22.908619	401.671000	360.183000	0	1	1	1
FBtr0082311	MED7-RA	0.037648	0.043633	0.0087	0.0114	1.214754	0.786002	1.932592	1.609438	13.059603	27.346890	20.274446	20.543053	11.958800	15.376850	1	1	1	1
FBtr0331658	Ndae1-RD	0.0	0.032412	0.0	0.0058	4.035417	1.022818	4.759526	2.362601	12.372584	4.034207	22.627579	21.779620	5.972500	3.164125	1	1	1	1
FBtr0086906	Ns2-RA	0.020077	0.038333	0.0024	0.0086	1.550936	0.596955	2.121796	3.507110	24.815740	1.357204	21.328202	23.442885	10.678600	14.991050	1	1	1	1
FBtr0072785	GV1-RB	0.029042	0.005754	0.005	0.0002	1.348475	2.690764	2.284618	2.985875	1.518180	5.691790	2.732587	2.382518	14.081550	13.873850	1	1	1	1
FBtr0089318	mRpL13-RA	0.043649	0.028574	0.0122	0.0046	1.068393	1.848769	1.797931	1.987465	47.524385	38.627556	19.514805	18.118992	8.966780	9.064550	1	1	1	1
FBtr0100670	norpA-RC	0.011853	0.041139	0.0008	0.0099	0.784421	0.773797	1.298715	1.150962	9.605039	23.142556	19.585599	19.418462	7.567430	4.683975	1	1	1	1
FBtr0083790	CG11407-RA	0.023063	0.018637	0.0031	0.0019	0.705435	1.429543	6.658639	4.949894	16.021585	17.887106	21.793289	22.343069	12.180300	18.418400	1	1	1	1
FBtr0076648	GAPsec-RA	0.037798	0.047375	0.0089	0.0143	-0.003795	0.533885	5.756573	3.377954	80.145521	1.418554	4.858311	21.862600	6.302085	6.249185	1	1	1	1
FBtr0074949	Gbeta76C-RA	0.0	0.0	0.0	0.0	3.344613	3.770627	4.069468	5.844060	1.292355	1.255141	22.507284	23.470720	203.973000	181.855000	1	1	1	1
FBtr0300466	CG42492-RA	0.017516	0.005754	0.0018	0.0002	1.696961	1.818607	2.432315	4.369527	19.842763	17.463174	21.756021	21.820888	24.651750	20.017300	1	1	1	1
FBtr0300465	CG42492-RC	0.004004	0.019089	0.0001	0.002	2.772324	1.691839	3.957719	4.550264	18.162152	17.329809	22.393323	22.188559	7.596755	5.663780	1	1	1	1
FBtr0343368	c11.1-RB	0.007493	0.005754	0.0003	0.0002	1.624817	3.077311	2.302176	3.573754	24.933928	97.020290	10.949535	11.999709	13.185150	27.266000	1	1	1	1
FBtr0081132	CG10428-RA	0.04087	0.010249	0.0108	0.0006	0.251386	2.228491	0.752239	3.677360	10.336923	1.568522	19.463366	21.571532	6.810370	6.705430	1	1	1	1
FBtr0089894	mRpS11-RA	0.024682	0.017474	0.0036	0.0017	0.839317	1.723737	1.433683	2.588379	86.857567	13.677635	21.489008	21.108021	14.367050	16.213550	1	1	1	1
FBtr0084224	CG13856-RA	0.018893	0.049692	0.0021	0.0159	1.709329	0.766200	3.162644	2.945851	12.366173	4.891794	8.210696	5.158304	15.171750	16.128400	1	1	1	1
FBtr0074046	CG7872-RA	0.019809	0.012733	0.0023	0.0009	1.836422	1.680474	3.064149	2.006521	32.723479	31.815333	21.440489	22.080729	5.386300	6.455545	1	1	1	1
FBtr0344849	Cyt-c-p-RB	0.010993	0.045335	0.0007	0.0129	2.364729	0.647835	2.994673	1.755050	21.672860	12.326727	23.148381	20.584163	459.191500	357.466500	1	0	1	1
FBtr0080326	Pex19-RA	0.02539	0.046876	0.0038	0.0139	1.317186	0.810194	2.751567	1.979065	35.354149	2.857787	21.483618	20.130142	8.235540	9.105635	1	1	1	1
FBtr0087335	Vha36-1-RA	0.004004	0.0	0.0001	0.0	2.772795	2.823694	4.911932	4.263507	15.790040	14.183650	21.632791	20.958200	91.850150	98.401050	1	1	1	1
FBtr0346145	TwdlG-RC	0.037648	0.035569	0.0088	0.0074	0.826930	0.207890	3.015750	3.563391	2.109497	0.033448	23.463687	23.747935	4.065275	4.601465	1	1	1	1
FBtr0070886	CG4660-RA	0.012521	0.003712	0.0009	0.0001	2.642456	2.130134	3.077161	2.953643	3.481798	16.147905	19.858180	14.158101	16.267050	27.569800	1	1	1	1
FBtr0344362	CG45049-RF	0.047622	0.033869	0.0145	0.0065	0.786530	0.933953	2.755035	2.330620	92.997040	14.829043	8.251626	5.828091	19.559850	20.230100	1	1	1	1
FBtr0332909	asrij-RB	0.037648	0.028304	0.0087	0.0045	0.258194	1.835193	1.459372	2.199725	14.305073	23.243255	20.578502	17.764105	4.495425	9.910795	1	1	1	1
FBtr0303111	Ank2-RP	0.0	0.026577	0.0	0.004	3.290047	1.740267	3.917535	2.514446	35.415953	7.851761	22.416938	21.276589	54.929600	47.066900	1	1	1	1
FBtr0085247	mRpS22-RA	0.024912	0.015004	0.0037	0.0013	0.957033	1.458053	3.341858	2.253397	11.895811	11.998331	20.120010	19.385786	15.098750	20.067500	1	1	1	1
FBtr0088373	CG1671-RA	0.02971	0.025112	0.0052	0.0036	1.107971	1.025337	2.668630	3.091731	76.849808	15.810181	20.912992	20.941460	6.288545	8.375265	1	1	1	1
FBtr0088370	mlt-RA	0.013672	0.003712	0.0011	0.0001	1.862506	2.400448	2.423734	3.915793	4.742320	0.424040	22.481727	1.410996	16.848100	17.020700	1	1	1	1
FBtr0302661	rdgA-RB	0.03986	0.033869	0.0101	0.0065	1.017723	0.687787	2.041381	2.431807	14.789099	0.419266	20.664349	22.728990	12.130550	9.009945	1	1	1	1
FBtr0086114	CG15908-RA	0.023905	0.036087	0.0034	0.0077	1.262017	0.472877	2.447767	1.972626	0.845627	2.638807	22.272333	22.657938	6.268185	7.164820	1	1	1	1
FBtr0084864	CG10514-RA	0.047318	0.048814	0.0142	0.0154	1.010038	0.772905	2.111881	4.470758	23.121108	5.065551	23.773247	19.831402	5.507915	5.302750	1	1	1	1
FBtr0310059	mbl-RO	0.004004	0.0	0.0001	0.0	3.205839	0.503225	3.425150	1.517135	20.310717	0.062649	0.282004	0.001289	23.395550	19.005250	1	1	0	1
FBtr0075390	CG33158-RB	0.012983	0.018191	0.001	0.0018	1.491454	1.382507	3.033298	2.651670	46.278383	23.602429	20.556688	18.271354	2.835725	6.689345	1	1	1	1
FBtr0080147	CG16743-RA	0.040346	0.019923	0.0105	0.0022	0.923174	0.729060	3.284446	7.104026	0.815694	0.397990	2.125426	1.091510	14.201550	10.954850	1	1	1	1
FBtr0081249	CG33116-RA	0.037648	0.027332	0.0087	0.0042	0.733573	0.749394	1.064599	1.258689	8.432496	5.502146	14.640074	17.569939	19.264700	20.178950	1	1	1	1
FBtr0112907	Pli-RB	0.030085	0.014577	0.0053	0.0012	1.696472	1.367625	2.246242	2.221290	14.163932	21.496104	18.355969	17.376346	61.732450	50.992750	1	1	1	1
FBtr0079532	Sirup-RA	0.012983	0.039479	0.001	0.0091	1.427324	0.725750	4.228726	1.504115	9.740057	11.188204	19.491262	18.286113	131.679500	163.255500	1	1	1	1
FBtr0075328	nudC-RA	0.033164	0.021821	0.0065	0.0027	0.991592	1.624778	2.060638	3.337868	13.522305	5.902271	20.923734	20.154184	9.145585	12.113900	1	1	1	1
FBtr0077181	CG10674-RA	0.038458	0.005754	0.0094	0.0002	0.106541	2.472838	1.699568	5.196615	16.160568	10.987211	21.554980	20.081305	63.608700	74.819950	1	1	1	1
FBtr0075074	CSN1b-RA	0.0	0.014577	0.0	0.0012	2.200456	1.438787	3.285565	3.087444	11.791032	15.381810	20.220382	21.260806	17.440350	21.054700	1	0	1	1
FBtr0300456	Cyp4ac2-RB	0.040287	0.047775	0.0104	0.0145	0.652239	0.529656	1.341879	1.136315	2.288186	24.692207	15.689176	14.826951	25.878250	32.572800	1	1	1	1
FBtr0076674	Culd-RA	0.004004	0.0	0.0001	0.0	3.098775	4.305845	6.585889	4.716037	14.066618	12.891189	21.105860	22.107642	29.418500	39.089150	1	1	1	1
FBtr0335011	mino-RE	0.037946	0.048728	0.009	0.0153	0.825925	0.556484	2.753482	2.814109	35.511135	50.679715	6.705408	4.563633	17.541000	28.378500	1	1	1	1
FBtr0345094	Svil-RF	0.0	0.032888	0.0	0.006	2.617141	1.099072	4.906761	1.803242	8.774980	1.879225	21.229939	20.669556	2.594815	1.909130	1	1	0	0
FBtr0079496	CG7149-RA	0.009138	0.005754	0.0005	0.0002	2.984808	3.171116	5.780837	5.161264	3.844066	0.712575	21.555928	22.248121	32.775100	41.433250	1	1	1	1
FBtr0082666	kar-RA	0.022501	0.009636	0.0029	0.0005	1.007054	1.989843	3.002878	2.360463	3.612167	7.834065	1.581936	0.032491	13.634800	16.522650	1	1	1	1
FBtr0335383	CG5397-RB	0.039267	0.041427	0.0098	0.0101	0.275888	0.939241	0.675857	1.349738	45.063449	73.284646	13.336021	13.382368	4.166895	5.535300	1	1	1	1
FBtr0078147	CG3709-RA	0.029042	0.0	0.005	0.0	1.206850	3.473724	1.796192	5.961671	43.594489	99.142887	19.439481	18.957510	4.615970	4.690720	1	1	1	1
FBtr0071090	bys-RA	0.018307	0.0	0.002	0.0	1.807200	4.038162	2.575795	4.397569	86.910556	1.212778	22.259508	23.139024	6.380840	8.121575	1	1	1	1
FBtr0081766	mRpS9-RA	0.023613	0.033669	0.0033	0.0064	1.283632	1.528221	1.718708	1.696481	16.214312	73.530473	21.315576	22.817133	25.910200	25.535700	1	1	1	1
FBtr0331194	CG10600-RC	0.007493	0.019427	0.0003	0.0021	1.264420	1.317973	2.161935	2.949443	15.164600	24.079761	8.688025	15.137534	7.924660	9.585175	1	1	1	1
FBtr0079589	CG8419-RA	0.020077	0.011106	0.0024	0.0007	2.939234	3.344231	6.216163	5.773666	28.118551	12.685479	19.997443	19.905805	3.043565	3.361730	1	1	1	1
FBtr0343324	CG12541-RE	0.030526	0.01179	0.0055	0.0008	1.474571	2.279392	3.537605	2.542338	44.867407	14.681566	0.044455	23.366507	8.837780	8.050450	1	1	1	1
FBtr0072858	CG5687-RA	0.016684	0.028574	0.0016	0.0046	2.280203	1.393201	3.836173	2.783883	13.248421	15.331586	20.726933	22.570718	25.044500	35.931000	1	1	1	1
FBtr0075679	dlp-RA	0.026354	0.028304	0.0041	0.0045	0.639130	1.896192	1.598955	3.985030	14.740212	78.378707	9.165468	7.467435	14.557500	22.566500	1	1	1	1
FBtr0329987	tadr-RC	0.006281	0.007274	0.0002	0.0003	3.536237	2.993807	5.323922	3.987912	19.478312	22.936606	19.512007	20.809731	19.070650	13.709400	1	1	1	1
FBtr0305056	NKAIN-RK	0.029042	0.007274	0.005	0.0003	1.535900	2.839788	2.773347	3.101098	83.691879	86.475830	7.569719	8.355450	14.506800	19.565200	1	1	1	1
FBtr0076785	Clk-RA	0.009138	0.003712	0.0005	0.0001	2.798951	3.395759	3.861831	4.890801	27.663067	26.486718	0.857939	0.553152	14.092900	14.740500	1	1	1	1
FBtr0302895	CG9849-RB	0.040136	0.041383	0.0103	0.01	1.008028	0.750291	1.974728	2.166680	10.938113	0.862874	3.335089	2.245835	13.135800	15.328600	1	1	1	1
FBtr0075471	CG4962-RA	0.013672	0.042351	0.0011	0.0106	2.200329	0.703004	2.541932	3.523666	96.864821	83.613123	9.068210	4.085830	12.188100	6.696945	1	1	1	1
FBtr0305559	CG4168-RB	0.011853	0.015735	0.0008	0.0014	2.707314	1.885798	3.141717	2.530041	1.930173	8.552245	20.715256	22.380221	13.930050	8.864805	1	1	1	1
FBtr0342936	vri-RE	0.038318	0.029738	0.0093	0.005	0.605865	0.971526	0.710078	3.021967	55.254798	64.192586	12.069305	14.669531	1.505025	3.593400	1	1	1	1
FBtr0073452	CG11752-RA	0.014986	0.049534	0.0013	0.0158	1.568334	0.101253	3.147689	4.007050	6.652841	0.296823	1.667588	0.522770	22.318400	18.214800	1	1	1	1
FBtr0073696	CG4407-RB	0.033871	0.041427	0.0068	0.0101	1.208795	0.925125	2.062781	1.041173	2.680057	18.592463	23.463360	20.816726	5.169870	4.574975	1	1	1	1
FBtr0079985	CG4957-RA	0.048672	0.027332	0.0152	0.0042	0.826539	1.117425	1.376157	1.675010	30.368980	9.837583	21.138974	17.852859	8.240260	8.563445	1	1	1	1
FBtr0079986	Mulk-RA	0.008325	0.035983	0.0004	0.0076	2.308847	1.185289	2.733739	2.238400	1.869890	29.352545	20.756843	19.083878	6.457555	7.265910	1	1	1	1
FBtr0345213	CG5191-RF	0.034291	0.03761	0.0071	0.0083	1.001387	1.099779	2.574156	1.364199	8.368419	13.113055	19.135433	20.737135	4.695175	4.330665	1	1	1	1
FBtr0305303	pyd-RL	0.033871	0.039301	0.0068	0.009	0.978588	0.820939	3.579044	2.918999	0.938964	1.557755	21.727407	22.037527	8.969170	9.418800	1	1	1	1
FBtr0074175	UBL3-RB	0.040287	0.044159	0.0104	0.012	0.064778	0.440700	1.467871	1.917468	14.372492	6.079654	21.149679	18.036544	6.891200	4.812430	1	1	1	1
FBtr0088031	CG13192-RA	0.004004	0.014577	0.0001	0.0012	3.367228	2.108252	3.454951	2.476074	15.057887	13.655743	20.374119	21.029595	12.016400	13.487500	1	1	1	1
FBtr0077418	CG15630-RA	0.0	0.032697	0.0	0.0059	4.394046	1.223807	5.096853	2.287902	2.845944	5.622213	21.660919	22.557112	40.733200	34.893600	1	1	1	1
FBtr0076556	CG5644-RA	0.016056	0.047102	0.0015	0.0141	0.864749	0.867442	2.414417	1.405805	15.403515	1.355183	21.523988	22.237276	7.174565	3.588515	1	1	1	1
FBtr0086258	qsm-RA	0.035344	0.009636	0.0075	0.0005	0.349013	1.526461	1.569801	2.865868	15.686533	12.935460	21.700547	20.590425	32.229950	28.924950	1	1	1	1
FBtr0335231	CG11052-RD	0.028219	0.033074	0.0046	0.0061	0.946695	0.497373	1.944730	0.763550	1.845869	0.768264	23.642764	23.169941	4.045255	19.848800	1	1	1	1
FBtr0080626	Rab14-RA	0.040346	0.027332	0.0105	0.0042	1.067600	1.072251	2.956511	2.854157	36.848852	1.267407	3.362087	2.597785	21.905200	23.308300	1	1	1	1
FBtr0340673	Nna1-RC	0.020585	0.01179	0.0025	0.0008	1.715628	2.719681	3.674485	5.592841	0.981128	4.932832	21.575579	18.659263	8.634370	11.244750	1	1	1	1
FBtr0302273	mRpL37-RB	0.020077	0.025112	0.0024	0.0036	1.197585	0.568149	2.822339	3.986086	7.819651	7.786551	18.760021	18.717077	20.489300	24.313050	1	1	1	1
FBtr0083663	CG31229-RA	0.017516	0.014577	0.0018	0.0012	1.708218	1.744005	2.221701	3.428266	40.489435	4.468437	23.788822	1.479904	12.988050	14.030100	1	1	1	1
FBtr0110894	CG34134-RA	0.012983	0.010249	0.001	0.0006	1.831012	1.204821	5.688154	6.535605	16.222363	0.477042	21.508149	22.333468	22.438300	26.262300	1	1	1	1
FBtr0081207	CG10237-RA	0.011853	0.016399	0.0008	0.0015	2.149502	1.561680	2.815356	2.352917	67.995434	6.945280	19.132460	17.831753	25.412850	21.026600	1	1	1	1
FBtr0330416	dysc-RF	0.028909	0.016938	0.0049	0.0016	0.566078	2.178479	0.919649	3.599781	15.933602	22.717685	21.535195	23.661084	2.362875	2.546730	1	1	1	1
FBtr0309960	b-RB	0.024912	0.044379	0.0037	0.0122	0.645929	0.873212	1.867365	2.618561	14.721596	3.539709	20.723448	19.405396	17.461850	10.431500	1	1	1	1
FBtr0080485	kek4-RA	0.022706	0.0	0.003	0.0	2.102918	3.232143	4.468761	5.372260	3.137421	1.372321	20.494378	21.137051	21.854250	16.996900	1	1	1	1
FBtr0079369	nop5-RA	0.006281	0.008746	0.0002	0.0004	2.307648	3.151966	3.569255	4.965843	60.876987	6.571455	20.538873	21.527496	11.705650	11.584950	1	1	1	1
FBtr0080528	CG18507-RB	0.0	0.007274	0.0	0.0003	3.431357	3.353725	4.814949	3.473016	14.364827	15.573545	21.245255	21.930994	9.730515	12.128950	1	1	1	1
FBtr0082548	Cpn-RB	0.004004	0.0	0.0001	0.0	3.998215	4.012543	5.307273	4.251506	31.846776	1.527224	0.103428	22.795770	95.431100	77.971450	1	1	1	1
FBtr0073257	Teh3-RA	0.035591	0.015004	0.0076	0.0013	0.788897	1.722399	1.742159	2.433012	2.011881	5.573150	0.713644	1.331528	17.936100	12.905650	1	1	1	1
FBtr0079041	Rtnl1-RD	0.009138	0.040922	0.0005	0.0098	0.452350	0.546695	0.974423	2.128441	1.846385	0.940090	1.210030	0.571138	13.246750	20.663350	1	1	1	1
FBtr0337034	Dhc98D-RD	0.014986	0.010249	0.0013	0.0006	2.354675	2.423661	3.910789	3.648566	2.374046	24.127420	21.128210	23.995239	2.160235	4.129165	1	1	1	1
FBtr0072776	mRpL46-RA	0.014986	0.003712	0.0013	0.0001	1.346239	2.424017	4.034505	2.819341	11.966300	1.361066	20.358387	21.272286	10.111090	11.748150	1	1	1	1
FBtr0301313	Zasp52-RI	0.004004	0.016938	0.0001	0.0016	2.947681	2.051979	3.485632	3.735399	23.018401	23.819578	23.578759	23.953399	9.879195	8.957950	1	1	1	1
FBtr0083399	GckIII-RA	0.022706	0.008746	0.003	0.0004	1.288401	2.559499	2.236257	2.778197	22.858676	9.300788	23.132851	23.705951	8.684090	9.385225	1	1	1	1
FBtr0083397	kuk-RA	0.047318	0.016938	0.0142	0.0016	0.308256	1.034102	1.423118	1.508422	7.447192	16.776606	18.634433	17.146618	34.157350	36.133400	1	1	1	1
FBtr0073955	eag-RA	0.022218	0.046386	0.0028	0.0135	1.561187	0.744463	2.753520	1.414586	33.207504	13.247007	23.080339	23.068280	26.674000	20.427200	1	1	1	1
FBtr0303294	pdgy-RB	0.035982	0.015735	0.0078	0.0014	0.319299	1.323338	1.556764	2.189216	12.204098	8.014798	20.549058	18.716094	6.974355	8.349480	1	1	1	1
FBtr0303422	Eip63F-1-RD	0.007493	0.020338	0.0003	0.0023	2.986205	1.497478	3.684800	2.026388	1.620395	1.868396	22.309576	21.228066	57.640300	38.396100	1	1	1	1
FBtr0082431	CG14722-RA	0.004004	0.022646	0.0001	0.0029	2.782091	1.460487	5.261021	4.161188	14.137139	16.402528	21.078666	21.169241	15.983400	20.568850	1	1	1	1
FBtr0078619	Gasp-RA	0.015557	0.014133	0.0014	0.0011	2.242315	2.308521	2.731901	2.718853	2.846104	47.304243	4.117852	1.283759	20.849500	10.838100	1	1	1	1
FBtr0082121	mRpL47-RB	0.03366	0.035056	0.0067	0.0072	1.053492	1.414274	1.819921	3.741182	1.993702	2.822336	20.772632	20.132130	9.444985	11.568100	1	1	1	1
FBtr0344752	tau-RM	0.018307	0.026973	0.002	0.0041	1.930340	0.569509	4.471029	1.331927	59.254832	14.972842	23.688795	21.459098	3.854325	4.754850	1	1	1	1
FBtr0079992	CG5037-RA	0.04338	0.044229	0.0121	0.0121	1.005099	0.518910	1.593358	1.216475	24.444825	46.733411	20.103502	18.710371	23.342650	21.865400	0	1	1	1
FBtr0300818	CG17324-RB	0.007493	0.010249	0.0003	0.0006	2.462495	1.714325	4.862935	5.611359	19.200030	16.037040	22.729302	21.735790	16.314900	25.177500	1	1	1	1
FBtr0073652	CG2556-RA	0.0	0.007274	0.0	0.0003	2.381353	2.519644	5.392783	5.067954	82.841127	30.924273	14.733804	12.243620	2.495765	2.679180	1	1	1	1
FBtr0070953	l(1)G0255-RA	0.006281	0.047375	0.0002	0.0143	1.803569	0.139749	5.674463	3.738834	13.363270	8.223196	20.609245	18.845248	32.735450	33.553750	1	1	1	1
FBtr0112890	fz2-RC	0.033164	0.043683	0.0065	0.0115	1.085078	0.811392	2.258491	4.204913	114.309258	78.559671	11.227026	9.663053	14.495200	19.790700	1	1	1	1
FBtr0073380	CG2202-RA	0.023507	0.009636	0.0032	0.0005	1.542833	2.433967	1.612709	5.861499	55.531766	2.385308	23.105548	21.840675	3.825830	4.883360	1	1	1	1
FBtr0072706	cue-RA	0.023613	0.0	0.0033	0.0	0.853345	2.082870	2.222360	3.528409	8.193254	14.794803	18.825011	21.376371	28.008450	40.136950	1	1	1	1
FBtr0079696	mRpL51-RA	0.037274	0.032032	0.0084	0.0057	1.223963	1.158649	1.438335	1.781188	16.931494	9.524960	22.064190	23.559613	9.305855	9.711535	1	1	1	1
FBtr0085628	CG15536-RA	0.017516	0.038551	0.0018	0.0087	1.679447	1.301088	2.418757	2.005471	11.637342	1.616709	19.750666	20.990107	5.840075	6.181565	1	1	1	1
FBtr0071320	lz-RA	0.040346	0.045142	0.0105	0.0128	0.243223	0.832813	0.489032	0.913650	15.900554	2.772788	21.673580	20.406442	4.361140	5.336775	1	1	1	1
FBtr0085405	Cisd2-RA	0.032454	0.031618	0.0062	0.0056	1.253636	1.213228	2.313490	1.532650	15.750781	15.169244	21.473223	18.457817	68.565900	71.394850	1	0	1	1
FBtr0075643	CG6878-RA	0.013672	0.043633	0.0011	0.0114	0.903346	1.035980	2.008196	2.973778	11.498494	5.859075	20.270648	19.511643	11.159050	14.847800	1	1	1	1
FBtr0084230	Nop56-RA	0.009138	0.024052	0.0005	0.0033	1.737922	2.076814	4.758282	5.319102	56.988118	5.196806	21.291205	21.035190	16.140000	17.006250	1	1	1	1
FBtr0331634	CG42367-RC	0.006281	0.011106	0.0002	0.0007	1.799251	1.969331	3.426599	4.265777	5.272488	12.644922	21.189087	19.876474	2.404805	2.632970	1	1	1	1
FBtr0081890	Dhod-RA	0.045864	0.026261	0.0133	0.0039	0.776192	1.249811	1.105392	3.255698	54.878577	8.079665	23.143077	22.849345	6.083020	9.865115	1	1	1	1
FBtr0081898	pch2-RA	0.026354	0.015735	0.0041	0.0014	1.535855	2.245572	2.968545	2.602913	21.179478	8.759152	22.671728	20.448724	3.603505	5.147185	1	1	1	1
FBtr0111188	CG40486-RB	0.014986	0.024513	0.0013	0.0034	2.072742	0.691995	2.076449	0.931742	29.434264	58.276821	19.906341	14.082076	34.723550	23.086500	1	1	1	1
FBtr0087341	Vha14-1-RA	0.006281	0.0	0.0002	0.0	3.603420	2.224524	4.744527	3.910226	28.084022	0.144270	0.381250	23.088670	75.613200	77.677700	0	1	1	1
FBtr0079874	Bka-RA	0.045639	0.016399	0.0131	0.0015	1.035709	1.583509	1.915620	2.386590	15.434059	0.024400	21.326788	23.626599	11.745300	14.027950	1	1	1	1
FBtr0073428	CG2076-RA	0.049863	0.016938	0.016	0.0016	-0.620314	1.353519	0.792942	1.828788	12.142886	10.637143	20.415218	19.222029	32.326900	129.582000	1	1	1	1
FBtr0110850	LPCAT-RB	0.011853	0.033669	0.0008	0.0064	0.338262	1.186049	1.022106	1.235418	86.544191	5.377532	10.728259	12.954605	29.506250	31.822450	1	1	1	1
FBtr0112376	CG34183-RA	0.007493	0.0	0.0003	0.0	1.622908	2.001081	3.775880	3.465624	12.911939	8.048619	20.387948	18.915916	6.487860	6.024395	1	1	1	1
FBtr0332936	CG1695-RC	0.00999	0.023784	0.0006	0.0032	2.957588	1.611806	3.386276	2.414480	12.402187	31.426044	19.321716	20.090249	22.817500	19.465200	1	1	1	1
FBtr0310205	pyd-RO	0.018307	0.009636	0.002	0.0005	1.973547	2.247101	3.081804	4.574365	1.244145	0.918873	21.366185	21.791651	5.155400	5.931620	1	1	1	1
FBtr0077884	CG31937-RA	0.030324	0.037722	0.0054	0.0084	0.995874	0.822205	1.401475	2.605809	24.146787	1.119211	0.036325	2.400585	20.474900	25.049050	1	1	1	1
FBtr0081155	CG10561-RA	0.038236	0.026973	0.0092	0.0041	1.101040	1.328132	2.161865	2.567858	12.619376	3.870219	20.908526	23.924618	11.273500	10.067670	1	0	1	1
FBtr0076204	Mocs1-RA	0.006281	0.003712	0.0002	0.0001	3.719518	1.961682	4.189521	2.652874	7.899997	0.435017	21.808670	22.432166	4.143710	6.310015	1	1	1	1
FBtr0086714	mRpS28-RA	0.037946	0.0	0.009	0.0	0.731998	2.944591	1.491956	5.797632	10.406479	9.378588	19.864748	19.491502	13.649750	13.963050	1	1	1	1
FBtr0088599	Mad1-RA	0.030324	0.036087	0.0054	0.0077	0.967571	1.127285	1.925114	2.126604	15.230463	55.654822	21.540499	22.494018	8.299915	10.666000	1	1	1	1
FBtr0082375	Ugt35b-RA	0.0	0.0	0.0	0.0	3.739573	3.682246	5.386857	6.034174	1.526594	1.118008	1.431090	23.826207	68.302450	43.968400	1	1	1	1
FBtr0077080	QC-RA	0.016056	0.01179	0.0015	0.0008	1.876146	1.237729	4.523840	2.668274	1.460304	0.778708	2.947275	2.140918	13.326050	24.936850	1	1	1	1
FBtr0344013	CG5903-RB	0.043649	0.019427	0.0122	0.0021	0.824381	1.446975	2.812971	2.861106	16.157107	0.091443	0.752724	23.830071	41.370700	40.991500	1	0	1	1
FBtr0075384	CG4842-RA	0.009138	0.005754	0.0005	0.0002	2.655441	2.571477	4.562428	3.380176	2.050267	0.353199	22.873249	22.616920	57.813100	50.428650	1	1	1	1
FBtr0078536	CG11241-RA	0.018307	0.048207	0.002	0.015	1.257136	0.719509	2.622096	3.166049	103.337066	3.864749	16.803417	16.394892	8.380915	7.758610	1	1	1	1
FBtr0333223	nmo-RH	0.009138	0.023009	0.0005	0.003	1.403179	1.822527	1.810628	2.142976	85.628414	23.172867	10.219631	12.524988	67.392950	49.753200	1	1	1	1
FBtr0078023	ninaA-RA	0.0	0.008746	0.0	0.0004	4.031921	2.171086	4.853988	3.453412	12.156996	30.593895	20.461589	21.566976	61.194350	111.085000	1	1	1	1
FBtr0077247	bves-RB	0.049033	0.017474	0.0155	0.0017	-0.470633	1.012950	0.012626	1.268837	91.388657	32.635723	11.396437	13.380862	6.670350	7.145520	1	1	1	1
FBtr0332631	CG17493-RC	0.026062	0.003712	0.004	0.0001	1.251186	1.929293	2.256040	3.794741	2.751827	0.307037	22.320335	22.875838	45.625700	29.805900	1	1	1	1
FBtr0077168	AlaRS-m-RA	0.036062	0.023784	0.0079	0.0032	0.878841	1.387944	1.774510	1.463326	12.187868	18.985827	20.544276	22.463841	3.491425	4.266845	1	1	1	1
FBtr0077169	Srp54k-RA	0.040346	0.010249	0.0105	0.0006	0.724548	2.622531	1.194103	3.258358	16.421124	4.774076	0.005699	22.155142	16.946450	20.514250	1	0	1	1
FBtr0071860	bonsai-RA	0.020077	0.025789	0.0024	0.0038	1.332559	1.609468	2.415121	2.833407	14.460260	1.828124	20.653138	22.138627	12.622600	15.994900	1	1	1	1
FBtr0342772	SmydA-8-RC	0.028909	0.014577	0.0049	0.0012	1.456491	0.826270	2.149224	3.498653	2.656921	0.245295	21.404346	23.653214	18.133800	20.813300	1	1	1	1
FBtr0088625	alc-RB	0.04087	0.048117	0.0108	0.0149	0.727028	0.628045	3.862075	3.651479	19.748092	26.495180	22.836193	23.645691	50.991050	52.644650	1	1	1	1
FBtr0088742	CSN7-RA	0.035982	0.047923	0.0078	0.0148	0.530499	0.501461	2.402681	2.848607	0.055637	0.504147	23.443433	1.584579	19.675200	22.282700	1	1	1	1
FBtr0088746	Cyp4e1-RA	0.012983	0.021821	0.001	0.0027	2.569249	1.475685	2.587045	2.919740	2.185421	9.955393	20.386159	18.216367	12.128200	13.987700	1	1	1	1
FBtr0330177	Eip71CD-RG	0.022706	0.035056	0.003	0.0072	0.998383	1.311642	2.606995	1.824072	12.017325	5.383017	18.915533	19.842067	25.137900	62.765550	1	1	1	1
FBtr0472597	CG11891-RH	0.0	0.0	0.0	0.0	3.394382	3.724918	8.163791	4.340198	21.605442	14.399093	23.223233	21.199342	23.952000	17.711800	1	1	1	1
FBtr0304060	mv-RB	0.028433	0.011106	0.0047	0.0007	1.760441	2.476750	3.782287	3.084447	9.939254	16.036524	20.486184	21.808127	13.959850	20.404400	1	0	1	1
FBtr0079250	Cpr-RA	0.019809	0.0	0.0023	0.0	0.969042	1.011502	3.862648	4.320372	15.405080	13.075292	21.490644	20.765095	22.605550	23.251700	1	1	1	1
FBtr0308858	CG43427-RP	0.031642	0.015004	0.0059	0.0013	1.956175	2.654116	4.628626	4.232342	30.700260	2.449642	19.495893	21.254507	4.267250	3.837615	1	1	1	1
FBtr0333253	tim-RM	0.0	0.005754	0.0	0.0002	4.829632	3.276780	5.564020	5.974442	64.684976	10.158059	15.159136	14.056085	49.524850	60.292250	1	1	1	1
FBtr0333255	tim-RO	0.0	0.005754	0.0	0.0002	3.080302	3.385321	3.650545	4.141524	60.735077	15.429056	15.587192	15.627053	2.281350	4.011350	1	1	1	1
FBtr0073348	LeuRS-m-RA	0.027998	0.029464	0.0045	0.0049	1.179135	0.954222	2.810106	2.673443	13.787347	19.012316	19.966212	21.366242	5.423050	7.343225	1	1	1	1
FBtr0072742	Pcyt2-RA	0.00999	0.008746	0.0006	0.0004	2.932061	2.494797	4.640830	4.010330	3.657985	11.620029	4.676977	3.718581	23.664250	26.122800	1	1	1	1
FBtr0070494	Syx4-RA	0.042794	0.046386	0.0116	0.0135	1.092693	0.671550	2.615048	1.536825	26.406970	29.887182	0.023317	23.916035	11.427500	10.982650	1	1	1	1
FBtr0075548	CG7272-RA	0.037648	0.020338	0.0088	0.0023	0.799981	0.607351	1.551248	4.972132	19.333757	8.439687	21.738982	19.110339	81.840600	66.976650	1	1	1	1
FBtr0344158	l(3)L1231-RD	0.037274	0.04226	0.0084	0.0105	0.541221	0.662577	0.940545	1.979503	113.895832	0.814965	11.195669	12.710800	95.458600	99.801000	1	1	1	1
FBtr0080994	mEFTs-RA	0.0	0.048425	0.0	0.0151	4.100212	0.633947	7.156535	2.464981	97.635699	15.162160	20.330267	20.121059	11.448750	12.487000	1	1	1	1
FBtr0079413	mEFG1-RA	0.007493	0.0	0.0003	0.0	2.194826	3.176468	4.609005	3.811168	11.371407	10.718922	19.577800	19.198734	5.671430	5.526815	1	1	1	1
FBtr0071785	Swim-RA	0.042891	0.049214	0.0118	0.0156	0.759106	0.499296	2.862035	1.523208	76.303025	68.986180	6.998851	5.373320	17.577700	17.529450	1	1	1	1
FBtr0070368	Pex5-RB	0.009138	0.010249	0.0005	0.0006	1.699035	2.249546	2.643818	2.568200	15.905166	1.480846	21.696892	23.902806	10.310050	11.810250	1	0	1	1
FBtr0072841	Mfap1-RA	0.018307	0.014577	0.002	0.0012	1.380338	0.872556	1.863317	1.463717	1.626513	20.125790	21.812050	23.355865	2.878355	3.634735	1	1	1	1
FBtr0303264	DAAM-RD	0.040464	0.005754	0.0106	0.0002	0.994378	3.768030	1.169110	4.834565	69.642741	67.183020	7.939305	6.156880	15.261800	26.698850	1	1	1	1
FBtr0445725	Usp5-RC	0.036266	0.026261	0.008	0.0039	0.790856	1.084107	2.300774	3.212709	5.939475	15.100437	17.880630	18.678797	4.319295	5.306320	1	1	1	1
FBtr0301008	CG32221-RB	0.015557	0.029738	0.0014	0.005	1.195272	0.198040	2.710438	1.520024	15.599664	9.889089	21.442825	19.691573	11.833850	13.373150	1	1	1	1
FBtr0086920	robl-RA	0.043228	0.026577	0.012	0.004	0.476683	0.518882	2.416635	3.473555	11.244609	9.294086	20.150543	19.467010	175.197000	207.961000	1	1	1	1
FBtr0076795	lqf-RA	0.0	0.0	0.0	0.0	2.889165	2.960924	4.261630	4.017205	0.099840	2.203125	23.375178	23.482817	24.848400	15.222000	1	1	1	1
FBtr0332570	CG4629-RE	0.0	0.0	0.0	0.0	3.285529	3.782784	6.338898	4.476947	18.467308	20.230688	22.274134	22.921674	18.651050	17.833400	1	1	1	1
FBtr0100652	Cp110-RE	0.042034	0.030643	0.0113	0.0053	0.884028	0.496362	1.126429	3.384266	2.640949	0.081961	21.563762	23.452623	1.095722	1.614775	1	1	1	1
FBtr0071446	flw-RA	0.008325	0.044229	0.0004	0.0121	2.140088	0.956288	5.185253	4.055453	18.848648	25.618184	22.440943	23.843387	22.644650	25.157000	1	1	1	1
FBtr0100153	h-RB	0.036062	0.003712	0.0079	0.0001	0.899353	1.270997	2.763730	3.319252	71.733809	84.945166	7.491682	5.779997	19.114550	32.816600	1	1	1	1
FBtr0076062	viaf-RA	0.024912	0.047003	0.0037	0.014	0.887061	0.468164	2.947195	2.697949	10.677537	18.347436	19.529417	22.019005	16.173500	30.864400	1	1	1	1
FBtr0081832	mRpL1-RA	0.027705	0.042756	0.0044	0.011	1.107196	0.402201	1.988641	1.449924	16.891691	1.376293	22.061039	21.658363	5.011770	6.907790	1	1	1	1
FBtr0086691	PIG-O-RA	0.0	0.032888	0.0	0.006	3.124830	0.993487	3.455952	3.212270	32.292265	18.701574	18.692225	21.484675	5.944250	6.456210	0	1	1	1
FBtr0073484	dlg1-RF	0.017516	0.008746	0.0018	0.0004	1.720590	2.759884	3.333338	3.120735	2.066689	6.760083	21.874384	0.193082	21.700350	23.124450	1	1	1	1
FBtr0345529	Achl-RB	0.0	0.007274	0.0	0.0003	4.000025	2.872305	6.724284	4.497679	7.843127	2.960418	20.740266	20.575967	19.048905	9.273190	1	1	1	1
FBtr0301488	Lkb1-RJ	0.008325	0.039006	0.0004	0.0089	1.374105	0.589424	2.403185	1.130046	27.432655	33.339207	22.855008	23.376876	3.199680	3.291380	1	1	1	1
FBtr0331952	CG43340-RQ	0.0	0.0	0.0	0.0	2.844576	3.513689	4.174184	3.842600	1.205450	0.957014	1.172563	23.986071	82.188650	79.615550	1	1	1	1
FBtr0084205	rdhB-RA	0.0	0.020616	0.0	0.0024	3.253105	1.070088	4.287930	5.403588	6.403562	0.717830	20.730566	22.284394	79.041400	75.949900	1	1	1	1
FBtr0085438	Cnx99A-RB	0.019426	0.027332	0.0022	0.0042	1.703047	1.004536	3.418428	2.107299	21.671728	10.029480	18.448917	19.283170	36.229300	46.233550	1	1	1	1
FBtr0084362	CG13833-RA	0.008325	0.0	0.0004	0.0	2.676003	1.416664	3.189697	3.713928	1.209582	0.444855	22.158004	22.407769	11.941950	7.754615	1	1	1	1
FBtr0086148	Fmo-2-RA	0.023905	0.019089	0.0034	0.002	1.696320	2.147276	3.336148	4.198743	20.522855	21.216269	23.007686	22.989666	52.828400	39.474550	1	1	1	1
FBtr0077830	AIF-RA	0.037648	0.036087	0.0087	0.0077	0.590188	0.985855	2.456476	2.409874	8.429196	4.524889	19.082645	17.191200	10.650550	10.120575	1	1	1	1
FBtr0086992	mbl-RB	0.023905	0.040922	0.0034	0.0098	1.373162	0.741660	3.176059	2.149046	46.656881	97.728304	19.629482	19.584537	2.556305	1.774680	1	1	1	1
FBtr0074695	CG7990-RA	0.040464	0.014133	0.0106	0.0011	1.100241	1.950423	2.162348	2.510717	23.432038	23.542595	23.754203	23.359100	48.688100	32.047350	0	1	1	1
FBtr0077425	bdl-RA	0.013672	0.039479	0.0011	0.0091	1.714933	0.755830	2.373956	1.161124	16.943966	16.656988	22.081894	21.845580	52.418750	37.832300	1	1	1	1
FBtr0330258	CG43739-RA	0.034839	0.028304	0.0073	0.0045	0.765616	1.341332	1.368525	2.996855	9.248793	4.177945	7.394896	3.698862	23.327750	18.421550	1	1	1	1
FBtr0301763	Nrg-RE	0.014403	0.0	0.0012	0.0	1.818608	4.388857	1.875042	4.474269	16.655674	35.276425	9.685418	10.330365	15.553250	16.220100	1	1	1	1
FBtr0303846	CG15093-RE	0.028773	0.033669	0.0048	0.0064	1.403335	1.068304	5.019487	4.519108	32.730634	42.410662	1.551563	3.345884	22.628150	27.067650	1	1	1	1
FBtr0079058	mRpL24-RA	0.018021	0.035056	0.0019	0.0072	1.526924	1.440975	2.612005	1.895724	17.303115	22.083025	22.164045	22.594490	19.496450	21.353100	1	1	1	1
FBtr0303117	Ank2-RL	0.037176	0.007274	0.0083	0.0003	1.400152	1.678030	1.467891	2.844227	92.780342	16.664787	22.150178	21.664234	8.419985	6.884905	1	1	1	1
FBtr0078694	Rheb-RB	0.006281	0.005754	0.0002	0.0002	1.250691	1.591134	3.786993	3.253529	10.709829	9.554903	19.818418	19.411948	6.735875	8.428130	1	1	1	1
FBtr0070682	mRpL30-RA	0.012521	0.007274	0.0009	0.0003	1.068681	1.797130	5.549441	3.302324	12.211022	10.860864	20.454275	19.989138	42.935800	52.359300	1	1	1	1
FBtr0339991	Shroom-RH	0.006281	0.01179	0.0002	0.0008	2.183708	2.195351	3.480811	3.215875	0.813352	19.848011	23.142261	22.837530	1.651050	1.836980	1	1	1	1
FBtr0304992	CG32369-RC	0.013672	0.029125	0.0011	0.0048	3.149156	1.679627	6.200653	6.058845	27.936830	21.102608	0.620414	23.252362	22.757350	21.368500	1	1	1	1
FBtr0080127	CG17108-RA	0.004004	0.0	0.0001	0.0	0.444985	2.251689	2.201107	4.690370	10.338781	10.835828	19.866624	20.003476	116.287500	157.032500	1	1	1	1
FBtr0299967	DIP-epsilon-RA	0.0	0.0	0.0	0.0	4.498006	4.288326	6.184269	6.014932	81.009254	71.870782	4.179816	1.717611	14.953550	17.263450	1	1	1	1
FBtr0079949	CG4908-RA	0.007493	0.044527	0.0003	0.0123	0.835772	0.671380	2.372743	2.369892	8.676463	10.330362	19.041789	17.856279	3.415190	4.142990	1	1	1	1
FBtr0078508	laza-RA	0.034122	0.032697	0.007	0.0059	1.138799	1.536535	2.001020	2.711228	24.294819	21.809565	0.065887	22.561237	37.080950	40.051750	1	1	1	1
FBtr0072391	CG3760-RB	0.039427	0.04779	0.0099	0.0146	0.952087	0.657546	1.629120	0.906798	61.470684	17.638283	20.914818	20.780713	7.892925	8.341350	1	1	1	1
FBtr0082403	RpL24-like-RA	0.004004	0.022646	0.0001	0.0029	2.841993	1.055050	2.862701	4.028377	19.766509	1.816269	22.198193	22.422827	72.006500	81.386150	1	1	1	1
FBtr0334284	Rgk1-RC	0.043045	0.01179	0.0119	0.0008	0.660362	1.811708	1.582441	4.507045	69.585267	85.222615	8.283770	10.552486	16.904300	16.337250	1	1	1	1
FBtr0071624	CG15661-RA	0.024315	0.010249	0.0035	0.0006	1.358527	1.702940	2.166033	4.586997	0.891897	1.994318	1.625347	1.894322	14.561050	23.684550	1	1	1	1
FBtr0289993	CG30050-RB	0.042891	0.008746	0.0118	0.0004	0.897351	1.923006	1.876705	4.233632	58.023491	0.140309	6.206480	0.907579	13.398450	4.589070	1	1	1	1
FBtr0082338	Ugt86Da-RA	0.006281	0.035056	0.0002	0.0072	2.922967	0.432985	4.080098	2.945110	7.600824	0.364347	1.719035	0.042917	18.401000	27.139600	1	1	1	1
FBtr0075347	Dbp73D-RA	0.043827	0.033669	0.0123	0.0064	0.882414	1.329307	1.536916	2.191945	76.141597	6.675218	21.954909	20.223211	3.922390	4.382360	1	1	1	1
FBtr0079637	SLC5A11-RA	0.024912	0.015004	0.0037	0.0013	1.719619	2.052595	3.767190	4.252273	19.882599	0.869161	22.876030	21.853487	22.367700	24.231700	1	1	1	1
FBtr0082115	CG9386-RA	0.015557	0.039656	0.0014	0.0092	1.233586	1.065594	2.029195	1.863403	63.325884	14.445903	21.300344	21.848388	10.362050	12.471750	1	1	1	1
FBtr0076694	MED24-RA	0.0	0.042524	0.0	0.0107	1.741431	0.939658	3.935523	2.802913	9.005828	20.651715	19.234393	20.638551	6.765960	8.954365	1	0	1	1
FBtr0080397	spict-RA	0.014986	0.046673	0.0013	0.0137	2.094762	0.628015	2.683090	1.852669	95.772900	93.542142	6.714115	4.110788	16.682150	30.591050	1	1	1	1
FBtr0082526	ClC-a-RA	0.0	0.007274	0.0	0.0003	2.548275	1.450669	3.005538	4.355501	1.748432	0.154155	22.392679	23.117897	2.338395	2.364610	1	1	1	1
FBtr0080468	CG6565-RA	0.04087	0.003712	0.0108	0.0001	1.065670	2.651283	2.153434	5.494922	21.544483	11.898030	22.258471	22.984611	5.073340	5.108690	1	1	1	1
FBtr0306937	CG43340-RG	0.037274	0.007274	0.0084	0.0003	-0.141494	1.834511	1.280802	2.239026	11.124170	7.980682	20.071085	18.915680	2.477600	2.792570	1	1	1	1
FBtr0086457	par-1-RH	0.009138	0.010249	0.0005	0.0006	2.139714	2.146930	2.590605	2.613060	0.600953	24.572536	1.898551	2.395291	16.637650	26.098450	1	1	1	1
FBtr0073621	Lsm12-RA	0.00999	0.03446	0.0006	0.0069	0.540401	1.110125	1.945054	2.147104	15.277989	20.840468	21.573703	22.072500	18.159300	24.409350	1	1	1	1
FBtr0301626	mRpS35-RA	0.03986	0.038551	0.0101	0.0087	0.792939	1.005264	2.036873	1.508503	15.473926	3.310905	21.227198	21.057145	11.642950	12.456450	1	1	1	1
FBtr0330615	CG12895-RB	0.034839	0.023417	0.0073	0.0031	0.767190	1.685202	1.785806	2.878214	10.614325	4.643276	19.440449	18.905917	16.680450	17.598100	1	1	1	1
FBtr0301055	app-RK	0.004004	0.0	0.0001	0.0	3.051316	2.477184	3.988269	3.119263	2.179655	0.321728	0.114048	23.865833	20.289400	14.791250	1	1	1	1
FBtr0082747	Dic1-RB	0.036266	0.031618	0.008	0.0056	1.160053	0.647471	1.642884	1.565171	5.253468	56.269194	3.119937	4.291248	22.220200	24.477750	1	1	1	1
FBtr0082066	RnpS1-RA	0.037495	0.036597	0.0086	0.0079	0.550664	1.415126	0.717198	2.590359	26.350898	73.206716	23.687686	21.913521	5.251375	6.627120	1	1	1	1
FBtr0073539	CG1561-RB	0.0	0.0	0.0	0.0	3.675149	2.707619	4.497839	5.161644	23.621153	36.773230	16.101072	16.046845	216.351000	231.504500	1	1	1	1
FBtr0083908	CG5191-RC	0.034291	0.007274	0.0071	0.0003	0.974433	1.985151	2.017848	2.303894	4.888212	75.729619	5.117070	4.214875	19.419800	19.858400	1	1	1	1
FBtr0082591	CG5844-RA	0.04544	0.041734	0.0129	0.0103	0.619715	0.689044	0.834585	0.831698	32.062469	4.149342	19.535997	20.956996	5.995180	9.115715	1	1	1	1
FBtr0072437	CG12848-RA	0.031884	0.040674	0.006	0.0097	0.081671	1.321033	0.850959	2.065949	16.465166	16.239747	21.938767	20.567885	24.312200	28.299750	1	1	1	1
